formatted_address,geometry,name,photos,place_id,rating,types,user_ratings_total
"Jl. Imam Bonjol No.178, Aek Tampang, Kec. Padangsidimpuan Sel., Kota Padang Sidempuan, Sumatera Utara 22726, Indonesia","{'location': {'lat': 1.3723932, 'lng': 99.2769251}, 'viewport': {'northeast': {'lat': 1.373830679892722, 'lng': 99.27833772989271}, 'southwest': {'lat': 1.371131020107278, 'lng': 99.27563807010728}}}",Mega Permata Hotel,"[{'height': 3024, 'html_attributions': ['<a href=""https://maps.google.com/maps/contrib/106819036942520359168"">A Google User</a>'], 'photo_reference': 'AUGGfZllqnjZDapBw4NWWX0_hHsN6fLG04BFiWQ9oM8NE7br43YJMwB2Q7hP1ZHRYuqrMWnKCriKvt1RXb7Ypz8TbyyuTQWyXR0N-NSv4O35IdS-4hZgu2X2UhjZ4WwiPwpZhlOqeE5uicLuyygBykarny02sKb1AoH-A1pPC3JONoAu3c4H', 'width': 4032}]",ChIJu_DhtZ0cLDARwK5Rj4sNSuk,4.2,"['lodging', 'point_of_interest', 'establishment']",1675
"Jl. Imam Bonjol No.303, Padang Matinggi, Kec. Padangsidimpuan Sel., Kota Padang Sidempuan, Sumatera Utara 22727, Indonesia","{'location': {'lat': 1.3583275, 'lng': 99.2883265}, 'viewport': {'northeast': {'lat': 1.359635529892722, 'lng': 99.28966537989272}, 'southwest': {'lat': 1.356935870107278, 'lng': 99.28696572010728}}}",Hotel Mutiara Mitra RedDoorz,"[{'height': 2352, 'html_attributions': ['<a href=""https://maps.google.com/maps/contrib/112350523636727841643"">Tiyok Grey</a>'], 'photo_reference': 'AUGGfZnJ-HNJ3UVc8XjEX8Poo_yf0ByAg9RvlwRGuZAY0wTZgOeQxbyLAwB-qeDvZFvdH8C03Fxv5RzxYqWtNfGJPFWhoW87pZCg11bFj4avIYzE-q1Poo71378WtQ6P2XOFRjaj-FwZUtN0BqMO6RACG5i91qWhajtNYOJtmrnF1DHCsrAG', 'width': 4160}]",ChIJo9b9owgbLDARbOOn-MdJcGk,4.0,"['lodging', 'point_of_interest', 'establishment']",479
"H78M+GQX, Jalan Sipirok Padang Sidempuan, Huta Suhut III, Sipirok, Paran Dolok, Kec. Sipirok, Kabupaten Tapanuli Selatan, Sumatera Utara 22742, Indonesia","{'location': {'lat': 1.5663553, 'lng': 99.2844851}, 'viewport': {'northeast': {'lat': 1.567407629892722, 'lng': 99.28628092989274}, 'southwest': {'lat': 1.564707970107278, 'lng': 99.28358127010729}}}",Torsibohi Hotel,"[{'height': 2252, 'html_attributions': ['<a href=""https://maps.google.com/maps/contrib/107119704818300791458"">A Google User</a>'], 'photo_reference': 'AUGGfZnQjBLd98DsKr_Xqh8cucxy5NdhJzK9Kg5AFa0nYeXzL1NFS3PUWAFJOP2eDT7N8RbQbm74zdDO7k-eYEvLIiI3JyCPAo6uNag05MTZSK64UX2K76h1cCKe7BOqI4ig7zMiyOI3X0y1o-uxv3-FkMXqWqo7Iytrtm2c2kKzHMcOfMIc', 'width': 4000}]",ChIJHTrP24smLDARMGAJYiJZXMw,4.1,"['lodging', 'point_of_interest', 'establishment']",601
"Jl. Sisingamangaraja No.100, Wek V, Kec. Padangsidimpuan Sel., Kota Padang Sidempuan, Sumatera Utara 22723, Indonesia","{'location': {'lat': 1.3810129, 'lng': 99.2744864}, 'viewport': {'northeast': {'lat': 1.382592029892722, 'lng': 99.27578247989273}, 'southwest': {'lat': 1.379892370107278, 'lng': 99.27308282010728}}}",Hotel Natama Syariah,"[{'height': 3072, 'html_attributions': ['<a href=""https://maps.google.com/maps/contrib/117509990713353805397"">A Google User</a>'], 'photo_reference': 'AUGGfZnAYYZvrNBBnXM0vQQVvS0mZfsPw6ePh9Ak5Da6HToyshIg4Beoea29DNbkVL5go5YX4y9WkjMfaILKALf4Fdx_ARmo8azLh5mjsqu25SzYpzKtSbQFJyhS2jiOKxLyEWy4qzQ5dsMPRTGL554fiD5BO9qXrur-yzOJM3kZvZ0_C-oe', 'width': 4096}]",ChIJIzx8SYMcLDARenfXrRN4Wbc,3.9,"['lodging', 'point_of_interest', 'establishment']",667
"Jl. Dr. Sutomo, Wek II, Kec. Padangsidimpuan Utara, Kota Padang Sidempuan, Sumatera Utara 22716, Indonesia","{'location': {'lat': 1.3829696, 'lng': 99.26865149999999}, 'viewport': {'northeast': {'lat': 1.384352129892722, 'lng': 99.26996677989273}, 'southwest': {'lat': 1.381652470107278, 'lng': 99.26726712010728}}}",Sutomo Indah Homestay Syariah Mitra RedDoorz,"[{'height': 2600, 'html_attributions': ['<a href=""https://maps.google.com/maps/contrib/113026827244470247748"">deski arief</a>'], 'photo_reference': 'AUGGfZk1QBEigY96Q7eOG9YWllKhh60PkQ66SI1oiQXttj-9Z4ZTLbFrKxdp1aYK0hQXpz99BwjIoSJdjxmgtnnma5FkOIGzT7EyLeD_KTENayvAa-7MSK6pVBxOLN4aUTBvVFG5IBhCcq2QYMOeutOUO5IihsfmeHcLXdlJSc4jvHnI6jfM', 'width': 4624}]",ChIJByxVFoYcLDARmslw4DaEN48,3.9,"['lodging', 'point_of_interest', 'establishment']",64
"Jl. Abdul Jalil Lubis, Batunadua Jae, Kec. Padangsidimpuan Batunadua, Kota Padang Sidempuan, Sumatera Utara 22733, Indonesia","{'location': {'lat': 1.4044, 'lng': 99.27928299999999}, 'viewport': {'northeast': {'lat': 1.405764079892722, 'lng': 99.28065272989274}, 'southwest': {'lat': 1.403064420107278, 'lng': 99.27795307010729}}}",RedDoorz Syariah near Bukit Teletubbies Padangsidempuan,"[{'height': 2992, 'html_attributions': ['<a href=""https://maps.google.com/maps/contrib/116302471008584753540"">Ronaldi Tumanggor</a>'], 'photo_reference': 'AUGGfZlxyhF41ZBHXYRYEE2C6g8GEuxU55yFy046ngxqme-08iRHZd1l1Iv4j8H6ORs0-d17cHy7AQB8j9RdSr4GYNcygagTEpCOLCrNxb_eNfD0_Y4eTEJkA_ymBFxTzhAAhx7-PZEjsQY01A_HHVJ3lVUUcxuYVJvRfhlgrRH3WVDLXW1y', 'width': 4000}]",ChIJeQXM46gbLDARgMH8BdJ-tEk,4.2,"['lodging', 'point_of_interest', 'establishment']",122
"Jl. Imam Bonjol, Wek II, Kec. Padangsidimpuan Tenggara, Kota Padang Sidempuan, Sumatera Utara 22725, Indonesia","{'location': {'lat': 1.3584723, 'lng': 99.2883612}, 'viewport': {'northeast': {'lat': 1.359692329892722, 'lng': 99.28968427989273}, 'southwest': {'lat': 1.356992670107278, 'lng': 99.28698462010728}}}",Collection O 91373 M Hotel,"[{'height': 3264, 'html_attributions': ['<a href=""https://maps.google.com/maps/contrib/101926324090989439390"">A Google User</a>'], 'photo_reference': 'AUGGfZkVFApVDNamYoTdKM79v-EH-xmOghnRwV3P-iqv243U37Ez2UbLAmXu9dqsvU2s_DDq7c1cxHHyBl_tw5nKYvmCboqnLvh8Ba8NofjCjsG3GxyJ3Ssj0JsPLSOgwQ_NYVfmV_m-l08v9gmUE0L9WGxQ8xc2KDR-X2Xd4GQ6L3W3F4lE', 'width': 2448}]",ChIJR_E2kegbLDARngTYM2_7rFA,3.4,"['lodging', 'point_of_interest', 'establishment']",5
"Jl. Teuku Umar gang telkom No.98, Losung, Kec. Padangsidimpuan Sel., Kota Padang Sidempuan, Sumatera Utara 22711, Indonesia","{'location': {'lat': 1.3791929, 'lng': 99.2769433}, 'viewport': {'northeast': {'lat': 1.380513979892722, 'lng': 99.27823832989273}, 'southwest': {'lat': 1.377814320107278, 'lng': 99.27553867010728}}}",Samudera Hotel,"[{'height': 4032, 'html_attributions': ['<a href=""https://maps.google.com/maps/contrib/115288874645366954195"">A Google User</a>'], 'photo_reference': 'AUGGfZmUMkM20Mq1K-85Z1kGg82K7rzCooy7VYaC4kTj7zlIpXm-NuQipPd5cLl__0ZA_IRgGz7h4TVRxGYCD6aNMKzzvFV8PWrd4iT0GhIyvozb7OqnZ13demXUU5Vx9XmG76jE3UyTDl7QPr0unvgblS5ejxZjSc4m6AUsZEA6gD6rDM3m', 'width': 3024}]",ChIJg3WKm4QcLDARSsFXEaF2wWg,3.6,"['lodging', 'point_of_interest', 'establishment']",114
"C72G+5Q3, Jl. Raja Inal Siregar, Batunadua Jae, Kec. Padangsidimpuan Batunadua, Kota Padang Sidempuan, Sumatera Utara 22733, Indonesia","{'location': {'lat': 1.4003826, 'lng': 99.27693699999999}, 'viewport': {'northeast': {'lat': 1.401691729892722, 'lng': 99.27833717989273}, 'southwest': {'lat': 1.398992070107278, 'lng': 99.27563752010728}}}",Hotel Pia,"[{'height': 1280, 'html_attributions': ['<a href=""https://maps.google.com/maps/contrib/111547968244523482788"">Abidin Simarmata</a>'], 'photo_reference': 'AUGGfZmqiasHF31DNp00LlZ1qpHciGqb_Pj1_bTVAT1VFKOTefd6R0ltW2N5BW6NTLmmIkBcrPbaQbx9esXG63eBfzw9pBpVdDK6G0XEbUNsiRetyf2Caux6HFki5Xq5P4Z8FOIPlIsqID0tIv7JdVotttzJO9fTImiUWXZlfCG1H64dQ4T1', 'width': 720}]",ChIJs5b4NxBEBBARGRgKAjIX5Tw,3.6,"['lodging', 'point_of_interest', 'establishment']",565
"Jl. Sisingamangaraja No.189, Sitamiang, Kec. Padangsidimpuan Sel., Kota Padang Sidempuan, Sumatera Utara 22735, Indonesia","{'location': {'lat': 1.387375, 'lng': 99.2747232}, 'viewport': {'northeast': {'lat': 1.388720129892722, 'lng': 99.27613897989272}, 'southwest': {'lat': 1.386020470107278, 'lng': 99.27343932010727}}}",Sitamiang Hotel,"[{'height': 1536, 'html_attributions': ['<a href=""https://maps.google.com/maps/contrib/107611461246532005972"">Herman Xanubari</a>'], 'photo_reference': 'AUGGfZlfoOjXYDkkds32GZyzRRaCkA3bC9UgScKQfL9rQ03Ym4mWWO4MQCSwZG5tS1uE-zCcjs01tztUcsIe1BZ2eybmn06SWivsCURu-M4Kl9cSlwEB4EKF9Qeq_9l6sDPbUvXRzF02OIHcFbsf9dNTLctzYtZXfD8S4CTyvA8d_IuEAcxr', 'width': 2048}]",ChIJyZUOAu6EMTAReNIKzK5SKl8,3.7,"['lodging', 'point_of_interest', 'establishment']",610
"Jl. Merdeka No.166, Wek I, Kec. Padangsidimpuan Utara, Kota Padang Sidempuan, Sumatera Utara 22711, Indonesia","{'location': {'lat': 1.3833872, 'lng': 99.26690339999999}, 'viewport': {'northeast': {'lat': 1.384715979892722, 'lng': 99.26819882989273}, 'southwest': {'lat': 1.382016320107278, 'lng': 99.26549917010728}}}",Hotel Merdeka,"[{'height': 3000, 'html_attributions': ['<a href=""https://maps.google.com/maps/contrib/100782956233162081483"">KRACKER SUPERMOTO INDRAMAYU</a>'], 'photo_reference': 'AUGGfZkErZf5wT4DfHf6G7hgq1gAgp9yA_oH8k4uE5Pin8rfHYbfEYFP0fzmAZz588bGTIIIlKEhiUiTHadBiUF8lwCUakQh8JGM1_dXTvmh0SaqHsarp6vDjiV27-qKHYNE8tPVDXnXPFMAxBQfAbLa3Vy6-sNI-4gDivHM6-1daQFyG8kF', 'width': 4000}]",ChIJgT32j4gcLDARQ87r5sTQgcM,3.6,"['lodging', 'point_of_interest', 'establishment']",213
"Jl. Sisingamangaraja No.75, Wek V, Kec. Padangsidimpuan Sel., Kota Padang Sidempuan, Sumatera Utara 22711, Indonesia","{'location': {'lat': 1.3801166, 'lng': 99.2741149}, 'viewport': {'northeast': {'lat': 1.381461029892722, 'lng': 99.27555557989272}, 'southwest': {'lat': 1.378761370107278, 'lng': 99.27285592010728}}}",Hotel Fajar Koy Tetap Jaya,"[{'height': 4080, 'html_attributions': ['<a href=""https://maps.google.com/maps/contrib/107152647590098047370"">A Google User</a>'], 'photo_reference': 'AUGGfZmSKFZc2eP3pWSkQ1ddrSczrPAXarlG2rAvzzqboiTLmFmPNVvL3vi9ghWPYaHi81rekiVwyTLaGQrYWVgXB0eSFFSaOAhFCwA-Gif0tGUvkUuwzhnMmLjzUQtTseFaT4u8BSbsRvcxjkuDTGYZRxWvPXnKvIhJXX-Fh7qlXwbY836j', 'width': 3072}]",ChIJg0XImYMcLDARAd0Ca_2cMDM,3.8,"['lodging', 'point_of_interest', 'establishment']",376
"Jl. Raja Inal Siregar Lingkungan VIII, Tanggal, Kec. Padangsidimpuan Batunadua, Kota Padang Sidempuan, Sumatera Utara 22711, Indonesia","{'location': {'lat': 1.3951614, 'lng': 99.273997}, 'viewport': {'northeast': {'lat': 1.396479929892722, 'lng': 99.27532482989272}, 'southwest': {'lat': 1.393780270107278, 'lng': 99.27262517010728}}}",MBA Kos & Homestay,"[{'height': 4032, 'html_attributions': ['<a href=""https://maps.google.com/maps/contrib/108714119804962351882"">A Google User</a>'], 'photo_reference': 'AUGGfZktRJoETVTMqRfobY6YpdAnqpH2EZJIHulZO986lhRCxLfZrfkGJbAUIWU3SvHPosDfD3xO8dti8V7YbGTvzDv5m-a6f4krVxB1vVWkEtkEae0zZwjlYZXmRfeFp5ho8pR1UXoxaCfKPmoR13U8CL9pSeB5Wr5m5BUZ5a2izR5zKKdA', 'width': 3024}]",ChIJmxOj2msdLDARBnslF7hXmmU,4.9,"['lodging', 'point_of_interest', 'establishment']",59
"Jl. Imam Bonjol No.25, Wek V, Kec. Padangsidimpuan Sel., Kota Padang Sidempuan, Sumatera Utara 22723, Indonesia","{'location': {'lat': 1.3753154, 'lng': 99.275064}, 'viewport': {'northeast': {'lat': 1.376607729892722, 'lng': 99.27634997989271}, 'southwest': {'lat': 1.373908070107278, 'lng': 99.27365032010727}}}",Sunter Pidoli Hotel & Restaurant,"[{'height': 4032, 'html_attributions': ['<a href=""https://maps.google.com/maps/contrib/107370946137330543909"">107370946137330543909</a>'], 'photo_reference': 'AUGGfZlT3gW78v2pquvAqpDpC7H_vNpvm8zKcNHTb2qGutmxRTNpFDkX0HDLm6r6fZnmgDX95DBRq95WucPaGtAP2_fRuGkkENvyyJ1uO9yiMJsc3Zze1t50iOmSYeBqVyooYtpqm7J6LRiUUY0aVhY7nsvdCUIPPo1iLNfvwZrkuIP2WAqn', 'width': 3024}]",ChIJAQ8k8pwcLDAR-5YB7aEhUno,3.8,"['lodging', 'point_of_interest', 'establishment']",144
"Jalan Bandara, Gn. Marijo, Kec. Pinangsori, Kabupaten Tapanuli Tengah, Sumatera Utara 22654, Indonesia","{'location': {'lat': 1.5596601, 'lng': 98.9041857}, 'viewport': {'northeast': {'lat': 1.561004079892722, 'lng': 98.90554287989274}, 'southwest': {'lat': 1.558304420107278, 'lng': 98.90284322010729}}}",Robin Homestay / Penginapan,"[{'height': 2268, 'html_attributions': ['<a href=""https://maps.google.com/maps/contrib/100902127114070024323"">A Google User</a>'], 'photo_reference': 'AUGGfZk499eKGl4XRsVkSVWZlbBqG4XoRKb7oCGktngI6Q9kgO8xawsBxif-erAm4e1meM5iL4AAB3b6DPLbghAiqkcTpjTa5tIXYCOuEy1sfFqKY7ZISQinNr5666c6iu8CCDKRi5KOVhQrw9X7NYlTc15CyeNHJKScUs3sC8uRZegAWw', 'width': 4032}]",ChIJRbCuxFyVLjARJqaH7Hb6tOg,4.6,"['lodging', 'point_of_interest', 'establishment']",9
"Jl. H. Ihutan Ritonga, Ujung Padang, Kec. Padangsidimpuan Sel., Kota Padang Sidempuan, Sumatera Utara 22711, Indonesia","{'location': {'lat': 1.3650512, 'lng': 99.27360329999999}, 'viewport': {'northeast': {'lat': 1.366432779892722, 'lng': 99.27498412989272}, 'southwest': {'lat': 1.363733120107278, 'lng': 99.27228447010727}}}",Wisma Kurnia Sejahtera,"[{'height': 958, 'html_attributions': ['<a href=""https://maps.google.com/maps/contrib/114955003099740452382"">Rahmatkurnia Batubara</a>'], 'photo_reference': 'AUGGfZmmS1AMaiyiimLfvNlEhddu6jos7s8KaSFZCkIqO2SEqp_G5Qt7IUxknw2oZzts45nWOyhkmWAo-fZ3vIAzK3x7hEAzfyDuEzUSEIfWNTRlRe3sV9K-CGr094WY08Xds-utQXkwHtNZkRh0IZq8LqayBFW1PSDAlOG0L0lE9OunvLu5', 'width': 1280}]",ChIJU4GOIgAdLDAROAzOqBYgHpo,4.5,"['lodging', 'point_of_interest', 'establishment']",2
"93H2+WJ, Simataniari, Angkola Sangkunur, South Tapanuli Regency, North Sumatra, Indonesia","{'location': {'lat': 1.3797939, 'lng': 99.05158349999999}, 'viewport': {'northeast': {'lat': 1.381092279892722, 'lng': 99.05292172989272}, 'southwest': {'lat': 1.378392620107278, 'lng': 99.05022207010727}}}","Baturosak,Gereja BNKP RESORT 41","[{'height': 4128, 'html_attributions': ['<a href=""https://maps.google.com/maps/contrib/104975332441001657465"">A Google User</a>'], 'photo_reference': 'AUGGfZlZL_yLZaz_0EClvOA-DVYRkcCcHevGe8L8I41TVvGWlL6N_7SHEkUZEsOy5OHMjOi0dr3mvyQujEuFgBTrYBugJiAw--tCjf50z8G3rcsFYgKfHN6ixzFXNNt8XyhugZsUmgqr3Xa6KDtyfSO2SfXdkde8oiB-3X-emd5hPSOaoLKi', 'width': 2322}]",ChIJaz2T0xmlLjAR4UiW0I1bWjU,5.0,"['church', 'place_of_worship', 'point_of_interest', 'establishment']",1
"Jl. Merdeka No.3, Napa, Kec. Batang Toru, Kabupaten Tapanuli Selatan, Sumatera Utara 22738, Indonesia","{'location': {'lat': 1.4857014, 'lng': 99.0625824}, 'viewport': {'northeast': {'lat': 1.487072829892722, 'lng': 99.06395492989272}, 'southwest': {'lat': 1.484373170107278, 'lng': 99.06125527010728}}}",Keluarga Abadi Hotel,"[{'height': 2340, 'html_attributions': ['<a href=""https://maps.google.com/maps/contrib/114560406202261827987"">A Google User</a>'], 'photo_reference': 'AUGGfZkkXvx9sa-PaCxZXnKS4rHHDzfTb3N7OK7IOMLSFQqyHq9JYrnwjlS_kzkUo4FZP-0le3G67vilVTVSwuvR72g6aPOVEwAoSmOr1TTI3-LDn9Q-qz1LmW7b1iU7LOcPm_tTV78o_LiF_mfkokDZDQbiSazMZp-tmN8IyJ-V-LTJLd_X', 'width': 4160}]",ChIJR59sLWGiLjARhf4uALN5ahA,3.7,"['lodging', 'point_of_interest', 'establishment']",26
"92QF+79X, Aek Pardomuan, Angkola Sangkunur, South Tapanuli Regency, North Sumatra 22738, Indonesia","{'location': {'lat': 1.3882482, 'lng': 99.0234762}, 'viewport': {'northeast': {'lat': 1.389445529892722, 'lng': 99.02473547989273}, 'southwest': {'lat': 1.386745870107278, 'lng': 99.02203582010728}}}",Kantin Smp 5 Angkola Sangkunur,"[{'height': 4608, 'html_attributions': ['<a href=""https://maps.google.com/maps/contrib/115778579396394504515"">Ricki Alamsyah</a>'], 'photo_reference': 'AUGGfZmy5r6hZH488bmVO2iugdnIHyDCmr5DalFaaL50avYyKhgISzPKEJF2BadPKKHtr558ZeTYsAMYPmDPc5L52uEsur8kgZ5l7SihP2OnQY9nVoN19VcwSSR-0G35iz4rfUhMiXjuoIS0sxY5D0JAE7vRVtuUjOoYmbK3MgBM1A1b-SXV', 'width': 3456}]",ChIJzd1tmeKlLjARojIfGafxivk,3.0,"['restaurant', 'food', 'point_of_interest', 'establishment']",3
"F3M8+564, Wek II Batang Toru, Batang Toru, South Tapanuli Regency, North Sumatra, Indonesia","{'location': {'lat': 1.4828912, 'lng': 99.06559329999999}, 'viewport': {'northeast': {'lat': 1.484230029892722, 'lng': 99.06695447989273}, 'southwest': {'lat': 1.481530370107278, 'lng': 99.06425482010728}}}",Jalan batuhula,,ChIJtz1FyJajLjARDDvPn7iyVUI,0.0,"['lodging', 'point_of_interest', 'establishment']",0
"Jl. Lintas Kota No.13, Sibangkua, Kec. Angkola Bar., Kabupaten Tapanuli Selatan, Sumatera Utara 22735, Indonesia","{'location': {'lat': 1.4218967, 'lng': 99.1810675}, 'viewport': {'northeast': {'lat': 1.423571629892722, 'lng': 99.18249337989273}, 'southwest': {'lat': 1.420871970107278, 'lng': 99.17979372010728}}}",Saba jae,"[{'height': 8000, 'html_attributions': ['<a href=""https://maps.google.com/maps/contrib/109880754057679357561"">A Google User</a>'], 'photo_reference': 'AUGGfZkQPtLyJpEvZ8Wg9ugHL3Fhv9-TzqvyrUUc4n3Mps50kw0K7b7yaR8vPuhIV2D4NeRMXSLhw6LZywEkumxvewzpHXUi6bWqc64_vOujbkxStM01_Z8ofv-LDC40xEGqLZJ9pR-GQRDOXZKEoPffnSGgaIGNcqPO_sqE0oV8PyuOUk4H', 'width': 6000}]",ChIJ209admSnLjARitAM2bZYWRc,0.0,"['lodging', 'point_of_interest', 'establishment']",0
"F3M8+564, Wek II Batang Toru, Batang Toru, South Tapanuli Regency, North Sumatra, Indonesia","{'location': {'lat': 1.4828912, 'lng': 99.06559329999999}, 'viewport': {'northeast': {'lat': 1.484230029892722, 'lng': 99.06695447989273}, 'southwest': {'lat': 1.481530370107278, 'lng': 99.06425482010728}}}",Barang toru,,ChIJM9pUSQCjLjARUuYdP-C5cZk,0.0,"['lodging', 'point_of_interest', 'establishment']",0
"F4F3+VPV, Sipenggeng, Batang Toru, South Tapanuli Regency, North Sumatra 22738, Indonesia","{'location': {'lat': 1.4747276, 'lng': 99.10431059999999}, 'viewport': {'northeast': {'lat': 1.476077429892722, 'lng': 99.10566042989271}, 'southwest': {'lat': 1.473377770107278, 'lng': 99.10296077010726}}}",Hapni zajara,,ChIJwR94U16hLjARsCa-O8TdXcw,5.0,"['lodging', 'point_of_interest', 'establishment']",1
"F3Q7+9CH, Napa, Batang Toru, South Tapanuli Regency, North Sumatra, Indonesia","{'location': {'lat': 1.4884348, 'lng': 99.0636215}, 'viewport': {'northeast': {'lat': 1.489775679892722, 'lng': 99.06497817989272}, 'southwest': {'lat': 1.487076020107278, 'lng': 99.06227852010727}}}",Hotel penginapan,,ChIJOfPwON-jLjARaf14SNqQff0,0.0,"['lodging', 'point_of_interest', 'establishment']",0
"82JC+MWG, Rianiate, Angkola Sangkunur, South Tapanuli Regency, North Sumatra 22735, Indonesia","{'location': {'lat': 1.3316345, 'lng': 99.0223089}, 'viewport': {'northeast': {'lat': 1.333036829892722, 'lng': 99.02367647989273}, 'southwest': {'lat': 1.330337170107278, 'lng': 99.0209768201073}}}",Ikan Jurung Sakti,"[{'height': 3120, 'html_attributions': ['<a href=""https://maps.google.com/maps/contrib/112790477904165672430"">bonardo marpaung</a>'], 'photo_reference': 'AUGGfZmfHYiiP4gftVEvkHDpo-cACxeUVI4BuT5Vi-glWEGQtr65URXtL5tB4ChF2rFD9eHD6Qb1z7M9wqQIVAC-ntTg75Us1Gus9ltbCyk7YiCT9nzgJDy777bGr-XZD_YNkRPYAbQgwpozm1hISx9Ivhip7R5JArvJToJXtZ7VZ0RQfr4C', 'width': 4160}]",ChIJETNnB8mvLjARjmSMX5A1beI,4.0,"['restaurant', 'food', 'point_of_interest', 'establishment']",24
"F2PP+P53, Batu Hula, Batang Toru, South Tapanuli Regency, North Sumatra 22738, Indonesia","{'location': {'lat': 1.4867575, 'lng': 99.035443}, 'viewport': {'northeast': {'lat': 1.488090379892722, 'lng': 99.03692142989274}, 'southwest': {'lat': 1.485390720107278, 'lng': 99.0342217701073}}}",wisma batang toru,"[{'height': 1080, 'html_attributions': ['<a href=""https://maps.google.com/maps/contrib/100313867717855697854"">danang harimukti</a>'], 'photo_reference': 'AUGGfZk6RX5w552g0d6q8zOJOAERtkGNM-tBQjn-Bj2v2RNMmrYHolF1-2bjzcdoNQL5vuuat1tCs_MUBaS5k7JFYVYA0qpMsjGHovOSQ73iVNv2fRJUYjiQVRE_327xXMYnwkTA8TDqjgcH018Rka8M-3pWH9k6kvaAHlfV5t3JzvQcL6Uy', 'width': 1920}]",ChIJhznO7SejLjAR2mfno2Zmuq8,4.2,"['lodging', 'point_of_interest', 'establishment']",6
"F3M8+GCJ, JL Pasar Batang Toru, Wek I, Wek II Batang Toru, Kec. Batang Toru, Kabupaten Tapanuli Selatan, Sumatera Utara 22738, Indonesia","{'location': {'lat': 1.4838324, 'lng': 99.0660255}, 'viewport': {'northeast': {'lat': 1.485220929892722, 'lng': 99.06735327989271}, 'southwest': {'lat': 1.482521270107278, 'lng': 99.06465362010728}}}",Hotel Pancoran,"[{'height': 2250, 'html_attributions': ['<a href=""https://maps.google.com/maps/contrib/110400083813733505631"">Yoyon Haryono</a>'], 'photo_reference': 'AUGGfZmVf2iceiW_rDmBMZplb-LJCV9UNpxXpTTKizDGgetYYa8eqx7fvZL9ID_YviDsCSJSGkkPIlv6elgEnoqmoeuwmXVu2t_D2HLoEkFzDevbU6M2nGpL3s3kkvRIWXAOGo0fXoDbKvBtGlUW-BtPtKstvVEHfvmecE11akjf695peK8', 'width': 4000}]",ChIJ9Xs_mGeiLjAREzVnlq3PPPQ,3.5,"['lodging', 'point_of_interest', 'establishment']",94
"92MG+65X, Simataniari, Angkola Sangkunur, South Tapanuli Regency, North Sumatra 22738, Indonesia","{'location': {'lat': 1.3831218, 'lng': 99.0254698}, 'viewport': {'northeast': {'lat': 1.384459579892722, 'lng': 99.0268849298927}, 'southwest': {'lat': 1.381759920107278, 'lng': 99.02418527010727}}}",WAROENG BAKSO & MIE AYAM,"[{'height': 3120, 'html_attributions': ['<a href=""https://maps.google.com/maps/contrib/117692768383955385314"">Halizah Nofi Ginting</a>'], 'photo_reference': 'AUGGfZng4XJmebySjdzCj2RQj1LxvSYb-nH88rlAurskFbig_zf6KNZltjDOypmhBl4dm1kuhzXPqE2WylJOrEJ4pz4DzkzLy1vGYxeVL3m8fW6l0cHuHKRYlv1qf5V2c_-F_8BSgnPuugwFJdUml3uS9ZrnOVy39JrH5dQq_ndDTe2eXktY', 'width': 4160}]",ChIJseYPcyalLjARnDMty7Rdp_Q,2.8,"['restaurant', 'food', 'point_of_interest', 'establishment']",8
"72JX+46P, Bukkas, Kec. Angkola Sangkunur, Kabupaten Tapanuli Selatan, Sumatera Utara 22735, Indonesia","{'location': {'lat': 1.2805148, 'lng': 99.0474823}, 'viewport': {'northeast': {'lat': 1.281868479892722, 'lng': 99.04882687989273}, 'southwest': {'lat': 1.279168820107278, 'lng': 99.04612722010728}}}",Warung mbak sri,"[{'height': 1920, 'html_attributions': ['<a href=""https://maps.google.com/maps/contrib/111400249688954295960"">A Google User</a>'], 'photo_reference': 'AUGGfZlge2Zj_egxYAshPtY0nEjX73NucLjzVOuVkf1FEYzTQlTKIuG_oNVFXp1ZTckiM5KqFttewPZVwZ2_ZO8a7XWYdBAwQMevE6PXYOsSWNIwR2vJapQcPkOH3LoweFgiv3X6V-ilwmMQvxfHWYKzW_PqTlmW2jdD24GdIVDqi3EkHSFj', 'width': 1080}]",ChIJ3VGSTVCvLjARJAjIudtZ7KA,0.0,"['restaurant', 'food', 'point_of_interest', 'establishment']",0
"8263+765, Malombu, Angkola Sangkunur, South Tapanuli Regency, North Sumatra 22735, Indonesia","{'location': {'lat': 1.3096717, 'lng': 99.0036284}, 'viewport': {'northeast': {'lat': 1.310983629892722, 'lng': 99.00492402989272}, 'southwest': {'lat': 1.308283970107278, 'lng': 99.00222437010729}}}",Rumah Makan Boysen Sikumbang,"[{'height': 3998, 'html_attributions': ['<a href=""https://maps.google.com/maps/contrib/112065401317649874598"">A Google User</a>'], 'photo_reference': 'AUGGfZl-mY0rATEpfFhNxIXdzX8I17ayawxjeJ7mcmtDgl0aGU2qMA0Xl2okYjYSc2Hkguw8nHuWu8HvbGhd5ZJHxSVmyYrNeXcBggTOP2-hFAn6GKEU_5G7H56HJn22Gas9kvd4sx75R37VM29q7e-x4W0uRdTcYmbStKYf5N_dK9ZzmyzW', 'width': 2998}]",ChIJibuuHwqxLjARUunXOuB7grI,4.8,"['restaurant', 'food', 'point_of_interest', 'establishment']",23
"F3R6+3WV, Aek Pining, Batang Toru, South Tapanuli Regency, North Sumatra 22738, Indonesia","{'location': {'lat': 1.4902349, 'lng': 99.0622921}, 'viewport': {'northeast': {'lat': 1.491191079892722, 'lng': 99.06336437989272}, 'southwest': {'lat': 1.488491420107278, 'lng': 99.06066472010727}}}",Camp AP1,,ChIJOZkWPgCjLjAR0bYw1MZpq6A,0.0,"['lodging', 'point_of_interest', 'establishment']",0
"82MC+2G4, Rianiate, Angkola Sangkunur, South Tapanuli Regency, North Sumatra 22735, Indonesia","{'location': {'lat': 1.3325109, 'lng': 99.02136709999999}, 'viewport': {'northeast': {'lat': 1.333883979892722, 'lng': 99.02262502989272}, 'southwest': {'lat': 1.331184320107278, 'lng': 99.01992537010727}}}",Hulky ayam penyet,,ChIJrWkdOw-vLjARiBIqSHGpp3w,0.0,"['restaurant', 'food', 'point_of_interest', 'establishment']",0
"82JC+G8Q, Rianiate, Angkola Sangkunur, South Tapanuli Regency, North Sumatra 22735, Indonesia","{'location': {'lat': 1.3313165, 'lng': 99.02092689999999}, 'viewport': {'northeast': {'lat': 1.332674729892722, 'lng': 99.0222981298927}, 'southwest': {'lat': 1.329975070107278, 'lng': 99.01959847010727}}}",RM Cahaya Madina,"[{'height': 4160, 'html_attributions': ['<a href=""https://maps.google.com/maps/contrib/100098802713188987623"">A Google User</a>'], 'photo_reference': 'AUGGfZlNufz72RZLljdAInWUZiWQB9qR1GM90mRbmuPMvov0X2ARC4qo9eqB0MjR9pW0aZcFNiWRg9jW7LUM6nRXsu2ZWhAtCGT_eIXeJqwMWZYgOkrzZuiJptSifKmX-vhsY6t7_z6t--iKZXOcVSPChF4yNxD82xCcdKLNwQoN__DV7mpc', 'width': 1952}]",ChIJ-Tl6dOevLjARix1VzCdG4ro,3.6,"['restaurant', 'food', 'point_of_interest', 'establishment']",16
"Jl. Lintas Antar Kota, Huta Godang, Kec. Batang Toru, Kabupaten Tapanuli Selatan, Sumatera Utara 22654, Indonesia","{'location': {'lat': 1.499268, 'lng': 99.0152966}, 'viewport': {'northeast': {'lat': 1.500614229892722, 'lng': 99.01660042989272}, 'southwest': {'lat': 1.497914570107278, 'lng': 99.01390077010727}}}",GOLD HOME HILLS,"[{'height': 3000, 'html_attributions': ['<a href=""https://maps.google.com/maps/contrib/112799923860350528035"">A Google User</a>'], 'photo_reference': 'AUGGfZkZnamLmpRuf8QOpgKMwywk8EIWWz3DcjusPVJyDiM3v3Gbibr2NYxdrc86pOzVM-9pIQTXHHri-0WxVA5CpxR_sAac-CUGyGIZV17421GOCYFNWx-A1No2PsUnlXdC9aPSVruMMzaecCjaftGT25OctTVfSbGoeN4O2TmSOasUzggG', 'width': 4000}]",ChIJlVHebyKjLjAR3alQiSCmC18,5.0,"['lodging', 'spa', 'point_of_interest', 'establishment']",58
"C374+CC3, Sangkunur, Angkola Sangkunur, South Tapanuli Regency, North Sumatra 22738, Indonesia","{'location': {'lat': 1.4135149, 'lng': 99.0560603}, 'viewport': {'northeast': {'lat': 1.414875829892722, 'lng': 99.05742677989272}, 'southwest': {'lat': 1.412176170107278, 'lng': 99.05472712010729}}}",Taman Mini Sangkunur Indah,"[{'height': 720, 'html_attributions': ['<a href=""https://maps.google.com/maps/contrib/107427803604439750336"">Zoemain S.Pd.I</a>'], 'photo_reference': 'AUGGfZmUfzWGFwjZIx9SHyq2dwne8UpD4GFm8hjLRKXtKiIehoFYFJ2qkxGerGofow3uZHSy12vDhT0Mn3ssbvjWg3TQSnp2PzHcGO8lnMJZuMd0z6pJG9YeZ9Q6Z3lnoq7hmUse9BW4o08h_628jM-dCybj2lKXbHXYq0l5J-KpNsILVG-b', 'width': 1280}]",ChIJxRDlPculLjARLHmnTPafaqA,4.2,"['cafe', 'food', 'point_of_interest', 'establishment']",15
"F932+6X2, Marisi, Angkola Timur, South Tapanuli Regency, North Sumatra 22733, Indonesia","{'location': {'lat': 1.4530058, 'lng': 99.3523879}, 'viewport': {'northeast': {'lat': 1.454426729892722, 'lng': 99.35380992989272}, 'southwest': {'lat': 1.451727070107278, 'lng': 99.35111027010727}}}",HOTEL SAKURA,"[{'height': 720, 'html_attributions': ['<a href=""https://maps.google.com/maps/contrib/112193801802358138174"">Aswar Uddin</a>'], 'photo_reference': 'AUGGfZkNv9rTE6l-9JV3Ri40cYEfYufHDnBs0oNzshjJagv4LIDH_2H_fFN00IRjhvVCqZmkDW5JhSfrbAVX7f1sNq1sttMwCxBSKfowaO9SuRX5AQEu4W8yMsrSHfXcnFyh4BzTEBFvkn80zRL0sSDBwrYQ9C5u6mRxU9BXCSF_POYeu-0w', 'width': 1280}]",ChIJsw8tYs8ZLDARJbnK_1pfWBE,3.7,"['lodging', 'point_of_interest', 'establishment']",31
"F3MV+5J, Hapesong Baru, Batang Toru, South Tapanuli Regency, North Sumatra 22738, Indonesia","{'location': {'lat': 1.4829672, 'lng': 99.0941685}, 'viewport': {'northeast': {'lat': 1.484315979892722, 'lng': 99.09541997989274}, 'southwest': {'lat': 1.481616320107278, 'lng': 99.09272032010729}}}",Hapni zahara,"[{'height': 4608, 'html_attributions': ['<a href=""https://maps.google.com/maps/contrib/103475049574100413940"">Bee Verly</a>'], 'photo_reference': 'AUGGfZmCYZYtv3X4XA_qwfXVBlljUVUnMce5ltDQoLIiZEmeHyAGkK6t9vWfsHgyNe_WmHziREG36DqLFVKGS6W7lsrMT-xSwklZJvldJ110ICYGibDa7eEEqsyAk3MC-cQxwRUJIPnxLO_4ZKa_78HEOEju6R6MLSU5wFYwuJ0uLVpkMDb_', 'width': 3456}]",ChIJ6w7XfcWjLjARAQMEOX-e_yU,5.0,"['lodging', 'point_of_interest', 'establishment']",2
"F3J8+G6W, Unnamed Road, Wek I Batang Toru, Kec. Batang Toru, Kabupaten Tapanuli Selatan, Sumatera Utara 22738, Indonesia","{'location': {'lat': 1.4813694, 'lng': 99.06556379999999}, 'viewport': {'northeast': {'lat': 1.482717729892722, 'lng': 99.0669003798927}, 'southwest': {'lat': 1.480018070107278, 'lng': 99.06420072010727}}}",bagas cipa,,ChIJS1qqRR-jLjARDS8GDGI0KC0,0.0,"['lodging', 'point_of_interest', 'establishment']",0
"Danau siais, Rianiate, Kec. Angkola Sangkunur, Kabupaten Tapanuli Selatan, Sumatera Utara 22735, Indonesia","{'location': {'lat': 1.3241667, 'lng': 98.99861109999999}, 'viewport': {'northeast': {'lat': 1.325516529892722, 'lng': 98.99996092989271}, 'southwest': {'lat': 1.322816870107278, 'lng': 98.99726127010727}}}",Rumah makan ikan bakar boy sikumbang,,ChIJO5vxDwCxLjARr3_o5pu_0AY,0.0,"['restaurant', 'food', 'point_of_interest', 'establishment']",0
"8246+38, Malombu, Angkola Sangkunur, South Tapanuli Regency, North Sumatra, Indonesia","{'location': {'lat': 1.3051993, 'lng': 99.01089879999999}, 'viewport': {'northeast': {'lat': 1.306468929892722, 'lng': 99.01222652989273}, 'southwest': {'lat': 1.303769270107278, 'lng': 99.00952687010728}}}",Rm.merah kuning,"[{'height': 1080, 'html_attributions': ['<a href=""https://maps.google.com/maps/contrib/100401510654388209954"">Mohamad Fathur Rohman</a>'], 'photo_reference': 'AUGGfZmWYoPc2c2YqNfTBkF9F93hgaxsr3EkXUHACwOMFj3OAuVCgeG_OvdDXk_c2rs7ympt3zVD2biKUJLrfEQk24AVPf3pMyiNNDiahyIoDDM2rfvml_FfbcyPQ7in_3xfU5Rw-IYIoNYpRO-EKyi3fU4vsIyx8638G1exQoc9jmMFTWVG', 'width': 1920}]",ChIJUXV7vsexLjARAqtaMyR4-E4,4.3,"['restaurant', 'food', 'point_of_interest', 'establishment']",4
"Danau Siais, Danau siais, Kec. Angkola Sangkunur, Kabupaten Tapanuli Selatan, Sumatera Utara 00000, Indonesia","{'location': {'lat': 1.3037029, 'lng': 99.01184699999999}, 'viewport': {'northeast': {'lat': 1.304967879892722, 'lng': 99.01313172989273}, 'southwest': {'lat': 1.302268220107278, 'lng': 99.01043207010729}}}",Warung Harapan Saroha Bru Rambe,"[{'height': 2336, 'html_attributions': ['<a href=""https://maps.google.com/maps/contrib/100746830715257757322"">A Google User</a>'], 'photo_reference': 'AUGGfZlebts603pkodv55wtVjeD5lVJmpSUFNSgxuRWzQFcOk7CSBMxGg9O4ugiLnFY-GV9RvspcPH4MFytSy71jMB5XoXsD_YeWzCJfpZxXh7S0hIY_bgchQNGGnBBdH42_iG0EcY2F02Q543g2FILGKmz0a2OvMEtWDpgm7o1OkA2wZIgq', 'width': 4160}]",ChIJi7Z-ucqxLjARWf1ABBXPCo0,0.0,"['restaurant', 'food', 'point_of_interest', 'establishment']",0
"92F4+7WQ, Simataniari, Angkola Sangkunur, South Tapanuli Regency, North Sumatra 22738, Indonesia","{'location': {'lat': 1.3732038, 'lng': 99.00736719999999}, 'viewport': {'northeast': {'lat': 1.374553629892722, 'lng': 99.00871702989271}, 'southwest': {'lat': 1.371853970107278, 'lng': 99.00601737010727}}}",Rumah Makan Bintang,"[{'height': 2304, 'html_attributions': ['<a href=""https://maps.google.com/maps/contrib/105034121535032451513"">Fitriyanto Fitriyanto</a>'], 'photo_reference': 'AUGGfZnyKbDxCGZgm7HvyF4CmfAtkH0mCAasX2pYw0qM_681gfvjaKWjdfI2DRm1kCgslt2A-a57mLvbFOSBj3hwWelVyv7yF4hx4q5BfsFl5qm3owFj_rHeqpkx1lLJOXdNoYbP-p1OVqYnNn6vwGYYjs8G1q_0jBk3etTxP7SCcLLrCF_d', 'width': 4096}]",ChIJq6qqqs66LjARbo6HbErW8r4,3.9,"['restaurant', 'food', 'point_of_interest', 'establishment']",7
"F2QX+FR5, JL Merdeka, Aek Pining, Napa Telo, Batang Toru, Tapanuli Selatan, Batu Hula, Kec. Batang Toru, Kabupaten Tapanuli Selatan, Sumatera Utara 22738, Indonesia","{'location': {'lat': 1.4886417, 'lng': 99.0496139}, 'viewport': {'northeast': {'lat': 1.489976579892722, 'lng': 99.05097232989273}, 'southwest': {'lat': 1.487276920107278, 'lng': 99.04827267010728}}}",Penginapan Rizky Inn,"[{'height': 4128, 'html_attributions': ['<a href=""https://maps.google.com/maps/contrib/105808568086189317253"">A Google User</a>'], 'photo_reference': 'AUGGfZlREEJkeDElY6djIq6VETk97AUTsx4i6meTB-8QSCE-9LHjKwfP-UuXlEEGAarlOapkWSkxldOeYhwU-f6MvxUfjRrGHsAmeRWwQdFbg-cnC3ygg9AkxhOnFBLrtxV1EZCy8guEUoYi6gdUZr0sRwFuMY7bnOmwHHceWUc1x_C_tLKY', 'width': 3096}]",ChIJbU5fko6iLjARdrjCyR1aQs4,4.3,"['lodging', 'point_of_interest', 'establishment']",26
"9387+8W8, Pasar Lama, Sigalangan, Batang Angkola, Tapanuli Selatan, Kec. Sipirok, 22773, Indonesia","{'location': {'lat': 1.36578, 'lng': 99.06482299999999}, 'viewport': {'northeast': {'lat': 1.367129829892722, 'lng': 99.06617282989272}, 'southwest': {'lat': 1.364430170107278, 'lng': 99.06347317010727}}}",Warung Dalimunte,,ChIJsViRApmlLjARlyNdIwlbTVg,0.0,"['restaurant', 'food', 'point_of_interest', 'establishment']",0
"F4JC+GRQ, Sipenggeng, Batang Toru, South Tapanuli Regency, North Sumatra 22738, Indonesia","{'location': {'lat': 1.4813251, 'lng': 99.1220962}, 'viewport': {'northeast': {'lat': 1.482674929892722, 'lng': 99.12344602989275}, 'southwest': {'lat': 1.479975270107277, 'lng': 99.1207463701073}}}",Hafny zahara,,ChIJ8TTMG4ChLjARBM_PzBWqM1M,1.0,"['lodging', 'point_of_interest', 'establishment']",1
"9387+8W8, Pintu Padang, Pintu Padang, Batang Angkola, Tapanuli Selatan, Kec. Sipirok, 22773, Indonesia","{'location': {'lat': 1.36578, 'lng': 99.06482299999999}, 'viewport': {'northeast': {'lat': 1.367129829892722, 'lng': 99.06617282989272}, 'southwest': {'lat': 1.364430170107278, 'lng': 99.06347317010727}}}",Warung Rizky,,ChIJsViRApmlLjAR1oTSeROQaZw,0.0,"['restaurant', 'food', 'point_of_interest', 'establishment']",0
"9387+8W8, Muara Tais, Batang Angkola, Tapanuli Selatan, Kec. Sipirok, 22773, Indonesia","{'location': {'lat': 1.36578, 'lng': 99.06482299999999}, 'viewport': {'northeast': {'lat': 1.367129829892722, 'lng': 99.06617282989272}, 'southwest': {'lat': 1.364430170107278, 'lng': 99.06347317010727}}}",Warung Masyita,,ChIJsViRApmlLjAR0zUHb9-IcIo,0.0,"['restaurant', 'food', 'point_of_interest', 'establishment']",0
"8228+6X, Malombu, Angkola Sangkunur, South Tapanuli Regency, North Sumatra 22735, Indonesia","{'location': {'lat': 1.3004871, 'lng': 99.0174383}, 'viewport': {'northeast': {'lat': 1.301859179892722, 'lng': 99.01869362989272}, 'southwest': {'lat': 1.299159520107278, 'lng': 99.01599397010727}}}",warung ngopi,"[{'height': 2076, 'html_attributions': ['<a href=""https://maps.google.com/maps/contrib/104528488141346989403"">A Google User</a>'], 'photo_reference': 'AUGGfZlZoDFtW16JrMg1A93jWNgrT3uoM0U0PAx_zartcurKI9o_W_560ZREzjcynuY0U1D7_dMYllu-Rq66NJCLm7-5Y4Nn77vluG-MKXz1mVHhpIj9ndTlUrqplFf2rY3xxHLpUTrxXawFnGluej5M2yW2eXGIAP8PchE8d6kzITUzTTTY', 'width': 4608}]",ChIJO2tP6l2vLjARxEKNLquvpLU,5.0,"['cafe', 'food', 'store', 'point_of_interest', 'establishment']",1
"9387+8W8, Pintu Padang, Pintu Padang, Batang Angkola, Tapanuli Selatan, Kec. Sipirok, 22773, Indonesia","{'location': {'lat': 1.36578, 'lng': 99.06482299999999}, 'viewport': {'northeast': {'lat': 1.367129829892722, 'lng': 99.06617282989272}, 'southwest': {'lat': 1.364430170107278, 'lng': 99.06347317010727}}}",Warung Hery,,ChIJsViRApmlLjARvB9iZQDpiU0,0.0,"['restaurant', 'food', 'point_of_interest', 'establishment']",0
"Bukkas, Malombu, Angkola Sangkunur, South Tapanuli Regency, North Sumatra 22743, Indonesia","{'location': {'lat': 1.3064759, 'lng': 99.0184183}, 'viewport': {'northeast': {'lat': 1.307825729892722, 'lng': 99.01976812989273}, 'southwest': {'lat': 1.305126070107278, 'lng': 99.01706847010729}}}",Warkop bella,"[{'height': 3024, 'html_attributions': ['<a href=""https://maps.google.com/maps/contrib/100315038479831210922"">A Google User</a>'], 'photo_reference': 'AUGGfZlXN0WYm-JbNf5iYsU2DJS3tsKD4IioE9c7bugJ47oq_QbKIDBB5y7j6XUQ62TyV3aXqXfALjJwsJp1T7bPHVVM8rrxMjBggeVZx4jvnP3HPjkZtD1wdfNtMS5FQE0UJpEM70FNj9AAeMRDcF6rE3UgTd_nMe4jRmI9or6GFDAYcJsu', 'width': 4032}]",ChIJa-oMbsWvLjARFKBOfEXAKnk,0.0,"['cafe', 'food', 'store', 'point_of_interest', 'establishment']",0
"9387+8W8, Pasar Lama, Sigalangan, Batang Angkola, Tapanuli Selatan, Kec. Sipirok, 22773, Indonesia","{'location': {'lat': 1.36578, 'lng': 99.06482299999999}, 'viewport': {'northeast': {'lat': 1.367129829892722, 'lng': 99.06617282989272}, 'southwest': {'lat': 1.364430170107278, 'lng': 99.06347317010727}}}",Warung Evi,,ChIJsViRApmlLjARg3XZKAU69rA,0.0,"['restaurant', 'food', 'point_of_interest', 'establishment']",0
"8263+769, Malombu, Angkola Sangkunur, South Tapanuli Regency, North Sumatra 22735, Indonesia","{'location': {'lat': 1.3106744, 'lng': 99.0031585}, 'viewport': {'northeast': {'lat': 1.311993429892722, 'lng': 99.00442157989272}, 'southwest': {'lat': 1.309293770107278, 'lng': 99.00172192010729}}}",Keripik Bonggol Pisang Cahaya,"[{'height': 2304, 'html_attributions': ['<a href=""https://maps.google.com/maps/contrib/110216291003165214651"">syarifuddin lubis</a>'], 'photo_reference': 'AUGGfZlnbNOmp_rlsE2tKAxIo9gTcTByM0GhesHtCMgbeblB84pkUImBvq97jBV01eHk2o1YANj5YXDo6DP3Kxqd8oDp31AfTLAtC5aGTNbECzvVk8sju7nqfTcEU0YhmR0Ars0PYbg1KKcg6Bh-VBxlW2ZEpn0CvPGJrWJauZSDhOWXz5AJ', 'width': 4096}]",ChIJRQM8uNKxLjARBgaMfZGPgH4,3.8,"['cafe', 'food', 'point_of_interest', 'establishment']",16
"8282+52R, Malombu, Angkola Selatan, South Tapanuli Regency, North Sumatra 22735, Indonesia","{'location': {'lat': 1.3154941, 'lng': 99.0000001}, 'viewport': {'northeast': {'lat': 1.316798029892722, 'lng': 99.00131897989273}, 'southwest': {'lat': 1.314098370107278, 'lng': 98.9986193201073}}}",Kedai Nasution,"[{'height': 3456, 'html_attributions': ['<a href=""https://maps.google.com/maps/contrib/100823802044744849587"">dedi Ranger</a>'], 'photo_reference': 'AUGGfZmDgX2Cq_lnS7LiUOCtjPCsA7smE8aZMoV9AXGtiod4v80qXUCy_M_xTzTTXkvwceyS0L0o4f6fgDdvvz_Q8Sq_1nE_Z0JuqpJj1zbPjmRAcY-ieVcEhtuoAv3AUO2HaOtdvtdNC8CpzWQ7H9posa_A0ra1kjQwKRBCL9SLuDZ2xoPB', 'width': 4608}]",ChIJVeo15lWxLjAR2jVitVJz1NU,3.4,"['restaurant', 'food', 'point_of_interest', 'establishment']",15
"9264+PJ, Simataniari, Angkola Sangkunur, South Tapanuli Regency, North Sumatra, Indonesia","{'location': {'lat': 1.3617636, 'lng': 99.006587}, 'viewport': {'northeast': {'lat': 1.363086079892722, 'lng': 99.00798882989271}, 'southwest': {'lat': 1.360386420107278, 'lng': 99.00528917010728}}}",pak tanjung,,ChIJtf9uC5q7LjARYQkriamBr7g,0.0,"['cafe', 'food', 'store', 'point_of_interest', 'establishment']",0
"9387+8W8, Sangkunur, A. Sangkunur, Tapanuli Selatan, Kec. Sipirok, 22736, Indonesia","{'location': {'lat': 1.36578, 'lng': 99.06482299999999}, 'viewport': {'northeast': {'lat': 1.367129829892722, 'lng': 99.06617282989272}, 'southwest': {'lat': 1.364430170107278, 'lng': 99.06347317010727}}}",Rumah Makan Dea,,ChIJsViRApmlLjARXHkHcmbRBms,0.0,"['restaurant', 'food', 'point_of_interest', 'establishment']",0
"7W72+3WW, Batu Mundom, Muara Batang Gadis, Mandailing Natal Regency, North Sumatra 22735, Indonesia","{'location': {'lat': 1.2627362, 'lng': 98.9023352}, 'viewport': {'northeast': {'lat': 1.264006129892722, 'lng': 98.90367672989274}, 'southwest': {'lat': 1.261306470107278, 'lng': 98.90097707010729}}}",Pondok Wak Kampret,"[{'height': 4624, 'html_attributions': ['<a href=""https://maps.google.com/maps/contrib/114031775129572665848"">Hermianto Anto</a>'], 'photo_reference': 'AUGGfZl5-J_s0YArkql-GY0ZdZbItnP8yxQ5S5v1MSXpGsxDE8eIz_3slVDBFJLBRsbOMEzpQo_3X9wiFt6FEkp-uOTQJCTie32YBKHfuOkVeDJWNhTLCcHlc-UqKYXli6ASAiE-T1hhE3b6On_DLylx4EWkvEw1xYlQ9MPaatkANDYSdjio', 'width': 2136}]",ChIJS2evYT20LjARNha8w7Jhl0k,5.0,"['lodging', 'point_of_interest', 'establishment']",3
"9387+8W8, A, Sangkunur, Sipirok, Kabupaten Tapanuli Selatan, Sumatera Utara 22736, Indonesia","{'location': {'lat': 1.36578, 'lng': 99.06482299999999}, 'viewport': {'northeast': {'lat': 1.367129829892722, 'lng': 99.06617282989272}, 'southwest': {'lat': 1.364430170107278, 'lng': 99.06347317010727}}}",Rumah Makan Nabila,,ChIJsViRApmlLjARR-WohYqgPKk,0.0,"['restaurant', 'food', 'point_of_interest', 'establishment']",0
"Bandara, Aek Godang, Gunung tua, North Padang Lawas Regency, North Sumatra 22740, Indonesia","{'location': {'lat': 1.4081582, 'lng': 99.4218092}, 'viewport': {'northeast': {'lat': 1.409402129892722, 'lng': 99.42310697989274}, 'southwest': {'lat': 1.406702470107278, 'lng': 99.42040732010729}}}",Purba Margana Hotel & Resto,"[{'height': 4000, 'html_attributions': ['<a href=""https://maps.google.com/maps/contrib/110327494602637590292"">Henny Hidayanti</a>'], 'photo_reference': 'AUGGfZkAUHNGd-5vLPHIj1fKPOI09Yd9312gRZ4rI6xovqYySQKrOxS_XQ7jqteTPehfkH4PPbmsrs5uayFIDJwCryPSl-FgPk47LIuX95hj7TnNgzp7R3vldJf8bzcHuIRenQ6UOyMWjPuMZiaUK43TK1Eo913yWMKmyX8Ff91HbQGxGcOV', 'width': 3000}]",ChIJbW1JU-ARLDARuoNlRfGd1bk,4.5,"['lodging', 'point_of_interest', 'establishment']",143
"J79X+QWQ, Sibadoar, Sipirok, South Tapanuli Regency, North Sumatra 22742, Indonesia","{'location': {'lat': 1.6194538, 'lng': 99.29985730000001}, 'viewport': {'northeast': {'lat': 1.6201536, 'lng': 99.30129282989273}, 'southwest': {'lat': 1.6173544, 'lng': 99.29859317010728}}}",Jembatan Aek Lampesong,,ChIJIzWNTSMlLDAR1v6zGECnUgI,2.3,"['lodging', 'point_of_interest', 'establishment']",4
"Jl. Tarutung - Padang Sidempuan No.14, Parsorminan, Kec. Sipirok, Kabupaten Tapanuli Selatan, Sumatera Utara 22742, Indonesia","{'location': {'lat': 1.5823327, 'lng': 99.2856292}, 'viewport': {'northeast': {'lat': 1.583708479892722, 'lng': 99.28699187989272}, 'southwest': {'lat': 1.581008820107278, 'lng': 99.28429222010728}}}",Penginapan Parsorminan Park & Farm,"[{'height': 3000, 'html_attributions': ['<a href=""https://maps.google.com/maps/contrib/105521063057305531677"">A Google User</a>'], 'photo_reference': 'AUGGfZnu_VRUkhExjfU0zd6XflkGfUd21Deg1FuIsB3DqTaF59HGU6UD9gu9OhX0Z-zDC0-LzouQf28rlLo5Uo9Gfwa2BCSOPZ-sAf0Z-h1q3KZQG6q2BdX4pboQ523l0wza_BpGL4A6qLWiOz8JG15DXEyOh7ZBXVSfSjZ5zRR4DprTNK7j', 'width': 4000}]",ChIJybbTZsklLDARqZGpG5L9FEo,4.5,"['lodging', 'point_of_interest', 'establishment']",130
"J5VJ+G3, Gunung Hasahatan, Sipirok, South Tapanuli Regency, North Sumatra, Indonesia","{'location': {'lat': 1.6438216, 'lng': 99.1802147}, 'viewport': {'northeast': {'lat': 1.645171429892722, 'lng': 99.18156452989271}, 'southwest': {'lat': 1.642471770107278, 'lng': 99.17886487010728}}}",Gn hasahatan,,ChIJQ-OUDgCdLjARmldqOrcjS18,0.0,"['lodging', 'point_of_interest', 'establishment']",0
"Jl. Raya Lintas Utama Sumatera No.97, Banjar Toba, Kec. Sipirok, Kabupaten Tapanuli Selatan, Sumatera Utara 22742, Indonesia","{'location': {'lat': 1.6041753, 'lng': 99.26952709999999}, 'viewport': {'northeast': {'lat': 1.605520129892722, 'lng': 99.27086682989271}, 'southwest': {'lat': 1.602820470107278, 'lng': 99.26816717010728}}}",Penginapan Homestay Syariah Bagasta Sipirok / Wisma,"[{'height': 1080, 'html_attributions': ['<a href=""https://maps.google.com/maps/contrib/108039172356122700265"">A Google User</a>'], 'photo_reference': 'AUGGfZn8ha1UE9zuUDkSWBiCVVCABj_n7hGQZBpzVuGCLSOT3i-jQ97VmiVumHAFOLu5KDHUSI91FLVW7RTb2-sYH2rf-hpMSC7kPnI2pu9rte63DmiXxfXWts6_DUsU2vEVlLjO-avm32FJ646e_Wq8x-uKUu0ELhO-e2m6ElRsChtGAXk', 'width': 1080}]",ChIJKV5JsYsnLDARhHd7SD-NzLc,4.4,"['spa', 'lodging', 'point_of_interest', 'establishment']",52
"H8C5+6RW, Muara Siregar, Sipirok, South Tapanuli Regency, North Sumatra 22742, Indonesia","{'location': {'lat': 1.5705868, 'lng': 99.30957649999999}, 'viewport': {'northeast': {'lat': 1.571935329892722, 'lng': 99.31092472989272}, 'southwest': {'lat': 1.569235670107278, 'lng': 99.30822507010727}}}",Rumah Ali Marwan,"[{'height': 3264, 'html_attributions': ['<a href=""https://maps.google.com/maps/contrib/108631268216463042977"">A Google User</a>'], 'photo_reference': 'AUGGfZmUGV_F_-qZYxbh6vB2YJAvDYtBqwLlPQlDu2oYMIyruugaoiyVctCOA5TY8YEVJcRaPVqq9kujQiQDFb38nHP4O2ikt7uQU-6TNgJkKP_Ysuq-NyKGU6BrXvRU8JSeDi-o7F8hLX1j7IfyuMs8KavQD7SE6HLmhaZNQw5y6oHOFUu5', 'width': 2448}]",ChIJK0OsIs8jLDAR2notaGGHbMA,5.0,"['lodging', 'point_of_interest', 'establishment']",1
"Q9X2+RQH, Simanosor Julu, Saipar Dolok Hole, South Tapanuli Regency, North Sumatra 22747, Indonesia","{'location': {'lat': 1.7995722, 'lng': 99.3519871}, 'viewport': {'northeast': {'lat': 1.800922029892722, 'lng': 99.35333692989273}, 'southwest': {'lat': 1.798222370107278, 'lng': 99.35063727010728}}}",Huta Tonga,,ChIJnzYm6iktLDARPz77tMQyc80,1.0,"['lodging', 'point_of_interest', 'establishment']",1
"H7CH+G34, Jl. Tarutung - Padang Sidempuan, Saba Siala, Kec. Sipirok, Kabupaten Tapanuli Selatan, Sumatera Utara 22742, Indonesia","{'location': {'lat': 1.5712212, 'lng': 99.27768259999999}, 'viewport': {'northeast': {'lat': 1.57253275, 'lng': 99.27923532989271}, 'southwest': {'lat': 1.56742415, 'lng': 99.27653567010726}}}",Resort Tor Sibohi Nauli,"[{'height': 1152, 'html_attributions': ['<a href=""https://maps.google.com/maps/contrib/115436481088999587658"">A Google User</a>'], 'photo_reference': 'AUGGfZkBwbtNv45y2Qkt1UUlppmpN4l0OxEjI-q3zZdC7BMY07Do0F3mvffLcz8uCNMJQ-3s58oi263peBxjSiaVKSXyf1nVr97PVVKLNoHiMmorE4LC7RTO6fXVY-KcD6fzO9owN-SL2PRFaMHmI3KpBjoWN7LKKDVeSPvfhCWH0iPTOHY0', 'width': 2560}]",ChIJm0aUPFYhLDARCH-Jmu-mRzk,3.1,"['lodging', 'point_of_interest', 'establishment']",7
"Depan kantor bupati sipirok, Ri Nabolak, Kec. Sipirok, Kabupaten Tapanuli Selatan, Sumatera Utara 22742, Indonesia","{'location': {'lat': 1.5209249, 'lng': 99.30426539999999}, 'viewport': {'northeast': {'lat': 1.521943929892722, 'lng': 99.30563332989273}, 'southwest': {'lat': 1.519244270107278, 'lng': 99.3029336701073}}}",Penginapan lestari syariah masjid syahrun tapanuli selatan,"[{'height': 2268, 'html_attributions': ['<a href=""https://maps.google.com/maps/contrib/105051001754076438484"">Endah Sari</a>'], 'photo_reference': 'AUGGfZmHUYu-qC3So7XlIXpSXf7siF_tafvSYARGJKV9YsYTD19YAg27Lj-T588OJHjYzJID_bpyMLies2XH1pVG-tzfiszp3TGdPK09xOB81L8DpBmNxMArJmUjrlC9QfNBOUEwuCUm2wt-Jr22DEVsRw6nTCw7el5ZfvvTiKT5KvaLrEyD', 'width': 4032}]",ChIJP9zbEjojLDARPA02__TiJnY,4.4,"['lodging', 'point_of_interest', 'establishment']",8
"Jl. Tarutung - Padang Sidempuan No.16, Huta Raja, Kec. Sipirok, Kabupaten Tapanuli Selatan, Sumatera Utara 22742, Indonesia","{'location': {'lat': 1.5644085, 'lng': 99.2858797}, 'viewport': {'northeast': {'lat': 1.565760979892722, 'lng': 99.28728027989273}, 'southwest': {'lat': 1.563061320107278, 'lng': 99.28458062010728}}}",Hotel Sambal Taruma,"[{'height': 1792, 'html_attributions': ['<a href=""https://maps.google.com/maps/contrib/104423266045385827090"">Juni Artina</a>'], 'photo_reference': 'AUGGfZkM590wrXohyhU2N54r0BVp_niHVakX6ADocQaTchpA-FigFz1TS2YIQbFzWdPeRvrOYumf8RCZuLwAHtp4frAnKPtY-0f3SzYOSpCtqGguhp2hIcbPdWYeEX5RG50743tQXMtGpA9P90ytGT8rpBSKyXVomfroKREnk5gkR2t2d66X', 'width': 4000}]",ChIJCwxMF1ojLDARCcFL2yihBRg,4.5,"['lodging', 'point_of_interest', 'establishment']",4
"J776+3JJ, Silangge, Sipirok, South Tapanuli Regency, North Sumatra, Indonesia","{'location': {'lat': 1.612708, 'lng': 99.26151999999999}, 'viewport': {'northeast': {'lat': 1.614395729892723, 'lng': 99.26442055}, 'southwest': {'lat': 1.611696070107278, 'lng': 99.26055314999998}}}",Rahmat rapindo,,ChIJ95gOtB4nLDARNvXTm3oVzFo,0.0,"['lodging', 'point_of_interest', 'establishment']",0
"R33V+28Q, Jl. Lintas Tarutung - Sipirok, Sitolu Ompu, Kec. Pahae Jae, Kabupaten Tapanuli Utara, Sumatera Utara 22417, Indonesia","{'location': {'lat': 1.8025821, 'lng': 99.09335899999999}, 'viewport': {'northeast': {'lat': 1.803941679892722, 'lng': 99.09474587989273}, 'southwest': {'lat': 1.801242020107278, 'lng': 99.09204622010728}}}",Op Lambas Gultom,"[{'height': 1920, 'html_attributions': ['<a href=""https://maps.google.com/maps/contrib/100788943315654938938"">A Google User</a>'], 'photo_reference': 'AUGGfZnWOYAndyIHT8l6DDslmSIEwvj3ZkuvvejfVhzyLNwxoVekmN6w_Mu8cMkfcz2YJU74MiQnFbe6dksAR_P4iV5TMOkZzgvbNavUaXVjEqf3ge32MepbJ_MBAaaT4pofZ91bMq_O4n3Mvg2o-DD277NTCxbKSeSik6KtTePOuvAyLhKB', 'width': 1080}]",ChIJLbeTHJ6HLjARTfZoLywi8Ck,3.0,"['lodging', 'point_of_interest', 'establishment']",2
"HGWF+J5X, Liang Asona, Padang Bolak, North Padang Lawas Regency, North Sumatra, Indonesia","{'location': {'lat': 1.5966117, 'lng': 99.5229985}, 'viewport': {'northeast': {'lat': 1.598342229892722, 'lng': 99.52419677989273}, 'southwest': {'lat': 1.595642570107278, 'lng': 99.52149712010728}}}",SOPO GODANG,"[{'height': 3120, 'html_attributions': ['<a href=""https://maps.google.com/maps/contrib/100388937669402308431"">A Google User</a>'], 'photo_reference': 'AUGGfZnPnj9I8BRlHuLdZoI4p5q6CTi14RH971Q0ueR8vMCN3Aufys7vjZmwskjiYvslb_gJgFZrfeiKYwF-0R9dG-eK9dLZLTcrIBkAKTJdYzC2S3IH81syoeRmxX7BxapoEQp_LS5zQeibtTbf6DY4wjGdy5Vg0EDOR5V_gLXUbC6jB_fj', 'width': 4160}]",ChIJa8pjSqM5LDARmODWewVVZ58,5.0,"['lodging', 'point_of_interest', 'establishment']",1
"Q4P7+29P, Jl. Tarutung - Padang Sidempuan, Siopat Bahal, Kec. Pahae Jae, Kabupaten Tapanuli Utara, Sumatera Utara 22465, Indonesia","{'location': {'lat': 1.7850886, 'lng': 99.11345969999999}, 'viewport': {'northeast': {'lat': 1.786390479892722, 'lng': 99.11481622989272}, 'southwest': {'lat': 1.783690820107278, 'lng': 99.11211657010728}}}",Penginapan Rumah Kita,"[{'height': 1952, 'html_attributions': ['<a href=""https://maps.google.com/maps/contrib/105505965562283393420"">A Google User</a>'], 'photo_reference': 'AUGGfZk2lTnSPQtKuvl9Iy9qdFXsJ7kK0Dy1FFluZUlAtfxv4HXhMr6eWLeqregcBAZzlHycKMzevNftmeEHgncJFWwTY7hcohWuzEN0UtufamHUW2XFVQ8brCG_rMH20CDb2KpPBpXxcd5oov5kgipOzTonYjb1VPTSDP2Yvn6h1xgD3lv2', 'width': 4160}]",ChIJbYYpDMaALjARDLFb56SGgAs,4.1,"['lodging', 'point_of_interest', 'establishment']",8
"Komplek Perkantoran Bupati, Jl. Prof Lafran Pane, Pagaran Ri, Kec. Sipirok, Kabupaten Tapanuli Selatan, Sumatera Utara 22742, Indonesia","{'location': {'lat': 1.5103737, 'lng': 99.3051996}, 'viewport': {'northeast': {'lat': 1.511515529892722, 'lng': 99.30602379999999}, 'southwest': {'lat': 1.508815870107278, 'lng': 99.30272700000003}}}",Guest House Kebun Raya Sipirok Tapanuli Selatan,"[{'height': 780, 'html_attributions': ['<a href=""https://maps.google.com/maps/contrib/115824374626517345307"">A Google User</a>'], 'photo_reference': 'AUGGfZlNDO8j5Vd1Hxcy8sISRQFPElUeYOm8O5yYid5khSPJMSewINgLwEbvdnVbjD3VMvAYvUMIHLQ7VwN8pplbBhtqKUD2C8278_yICTzaTZlqukxWHxGf11FBl0OIh1dRpt056eJqO5lTUwO48tz-Sb869z2uJujNKXLCjxsCqSYSuKRd', 'width': 1040}]",ChIJX4BACKUjLDAROnn_roGaM44,4.2,"['lodging', 'point_of_interest', 'establishment']",10
"H7JP+8R9, Jl. Tarutung - Padang Sidempuan No.19, Langsar, Kec. Sipirok, Kabupaten Tapanuli Selatan, Sumatera Utara 22742, Indonesia","{'location': {'lat': 1.5809346, 'lng': 99.2871746}, 'viewport': {'northeast': {'lat': 1.582268279892722, 'lng': 99.28839057989272}, 'southwest': {'lat': 1.579568620107278, 'lng': 99.28569092010729}}}",GUEST HOUSE SUTAN MARA ALAM PULUNGAN,"[{'height': 720, 'html_attributions': ['<a href=""https://maps.google.com/maps/contrib/103908221409813320549"">A Google User</a>'], 'photo_reference': 'AUGGfZlFaH8Sje05btKbFqcmFAhWkvmRJQC_6Kj7x-YyvrXU_N6P_O-AmRB5e6l_uR1bqLoKosnoJnVv66zvlgWqEhalcZsOHCNqZhj3PmGXQQnzUk2MyjSYideKnT4E4ygrDtBbOHioHzZKGJWVTYyJxLLhCywgUtna7QECCK_jcqjiVkQE', 'width': 960}]",ChIJdSTnyxklLDARNETUGqr2upY,4.6,"['lodging', 'point_of_interest', 'establishment']",114
"G64H+WWV, Sibio-Bio, Angkola Timur, South Tapanuli Regency, North Sumatra 22733, Indonesia","{'location': {'lat': 1.5073597, 'lng': 99.2297974}, 'viewport': {'northeast': {'lat': 1.508661029892722, 'lng': 99.23121612989273}, 'southwest': {'lat': 1.505961370107278, 'lng': 99.22851647010728}}}",Sibiobio Julu sosopan,"[{'height': 1152, 'html_attributions': ['<a href=""https://maps.google.com/maps/contrib/103598215470347442661"">A Google User</a>'], 'photo_reference': 'AUGGfZnSP3FblxRITFifNDcGQ0EYjPeG7Qh4i_CScx5-fGAy_VDJKdKpjEd5yWO2YCneLIkNiLDbpmXSkCN2rPDg0eX76X1HE2OP6NcZDARYvko9CluCCkRNTjhQgOzGn-dodkG3PjCOci9zwaZmO-_Ys5AiKCTgXDo4MYoxX2ue7mc6MzH1', 'width': 2560}]",ChIJzeQLfoUhLDAR0QTA_pY1NAc,2.0,"['lodging', 'point_of_interest', 'establishment']",1
"Jl. Willem Iskandar No.301A, Dalan Lidang, Kec. Panyabungan, Kabupaten Mandailing Natal, Sumatera Utara 22977, Indonesia","{'location': {'lat': 0.8113214000000001, 'lng': 99.5696878}, 'viewport': {'northeast': {'lat': 0.8127383298927223, 'lng': 99.57116862989272}, 'southwest': {'lat': 0.8100386701072779, 'lng': 99.56846897010728}}}",D'SAN Hotel Panyabungan,"[{'height': 960, 'html_attributions': ['<a href=""https://maps.google.com/maps/contrib/105967869106123684915"">A Google User</a>'], 'photo_reference': 'AUGGfZmcacHPAJ-UIsKQz3d5NSCahnTbsHW6XUivpF6IJvHpMPtBZZK8sq_BNeTXvRyBnK4zMg0HaerLJimnRSBQLcnlzDfGr5TcZQ7k0qicowe_4-5MVtGvvICZQhgQuz1QW9Zn-ogscFA--5sib0KviOXuEx_RzXSJWA591EOlijv2WUgU', 'width': 1280}]",ChIJ7XxDoHa5KzARV3I6MDoJ7X8,4.2,"['lodging', 'point_of_interest', 'establishment']",186
"4G8W+42X, Jl. Lintas Sumatra, Poldung, Kec. Aek Natas, Sumatera Utara, 35363, Indonesia","{'location': {'lat': 2.115354, 'lng': 99.54509700000001}, 'viewport': {'northeast': {'lat': 2.116703829892722, 'lng': 99.54644682989273}, 'southwest': {'lat': 2.114004170107278, 'lng': 99.54374717010728}}}",OYO 92748 Hotel Tepian Batang Hari,,ChIJ9QAAAADALTARGobZsNIieyI,0.0,"['lodging', 'point_of_interest', 'establishment']",0
"MP95+56J, Jl. Trans Sumatera Bukittinggi - Padang Sidempuan, Ps. Kotanopan, Kec. Kotanopan, Kabupaten Mandailing Natal, Sumatera Utara 22994, Indonesia","{'location': {'lat': 0.6679974, 'lng': 99.7080191}, 'viewport': {'northeast': {'lat': 0.6692720298927223, 'lng': 99.70931892989272}, 'southwest': {'lat': 0.6665723701072778, 'lng': 99.70661927010728}}}",Hotel Arayan,"[{'height': 1965, 'html_attributions': ['<a href=""https://maps.google.com/maps/contrib/102390126193742407461"">Vixtr Victr</a>'], 'photo_reference': 'AUGGfZkM9IRWHRf73iWtxjA9Xl07zHR0eTl0kMbmf6aGNFEJZYWQxij4LVHHcMppEDT1aMtDndOH01QTd74IufWKH9If_iqQqoU8QUu-2LfS2t9nc5nNRroODIdYE4k9zZSI62-CQkgwg0aRWiQXAG1ncEbHtQy0LkMffE55dkNT88uxKXto', 'width': 1665}]",ChIJr1JkJ_axKzARvRqYRXCTvhI,4.0,"['lodging', 'point_of_interest', 'establishment']",120
"69GR+696, Hurase, Batang Angkola, South Tapanuli Regency, North Sumatra 22773, Indonesia","{'location': {'lat': 1.2255398, 'lng': 99.3908989}, 'viewport': {'northeast': {'lat': 1.226889629892722, 'lng': 99.39224872989273}, 'southwest': {'lat': 1.224189970107278, 'lng': 99.3895490701073}}}",Manurung,,ChIJSQA0egAJLDAR4PqXkaojyXA,0.0,"['lodging', 'point_of_interest', 'establishment']",0
"C9HV+4RF, Jl. Gunung Tua - Pal Sabolas, Panompuan Jae, Kec. Angkola Tim., Kabupaten Tapanuli Selatan, Sumatera Utara 22733, Indonesia","{'location': {'lat': 1.4235012, 'lng': 99.39872489999999}, 'viewport': {'northeast': {'lat': 1.424851029892722, 'lng': 99.40007472989272}, 'southwest': {'lat': 1.422151370107278, 'lng': 99.39737507010727}}}",Bagas paraduan,,ChIJUQnRn60RLDAR97JE7T93z5s,0.0,"['lodging', 'point_of_interest', 'establishment']",0
"CC63+6W, Morang, Batang Onang, North Padang Lawas Regency, North Sumatra 22733, Indonesia","{'location': {'lat': 1.4101829, 'lng': 99.4052822}, 'viewport': {'northeast': {'lat': 1.411466029892722, 'lng': 99.40661237989272}, 'southwest': {'lat': 1.408766370107278, 'lng': 99.40391272010727}}}",Bagas oppung romy,"[{'height': 600, 'html_attributions': ['<a href=""https://maps.google.com/maps/contrib/100122440904020611747"">A Google User</a>'], 'photo_reference': 'AUGGfZlHRKVjsCeuSU20glXlTP5yd-tsjbWvoaKtyQ9WZZwmziw6CYF2BMXfOQ4Rw7nyuZqEN5sxeKa-XLLz-1kiqCIHK2fp16hFf1qkdptsJ85Rxf5PUgMjsIKPx7thaJVe2SLpBxAH1K0M4cgnYeHQk1vMz4ClBnlAlS8DbSRkmTlG72ai', 'width': 1060}]",ChIJMRavxO0RLDARgP8Upn4SsJc,3.0,"['lodging', 'point_of_interest', 'establishment']",2
"WX8F+6VX, Jalan Pantai Barat, Tabuyung, Kec. Muara Batang Gadis, Kabupaten Mandailing Natal, Sumatera Utara, Indonesia","{'location': {'lat': 0.9156021000000001, 'lng': 98.97474749999999}, 'viewport': {'northeast': {'lat': 0.9169086798927221, 'lng': 98.97652167989271}, 'southwest': {'lat': 0.9142090201072779, 'lng': 98.97382202010728}}}",J Cottage,,ChIJdX9NSwBDKTARAZWpx00y_O4,0.0,"['lodging', 'point_of_interest', 'establishment']",0
"2FCQ+X8X, Bonan Dolok, Siabu, Mandailing Natal Regency, North Sumatra 22976, Indonesia","{'location': {'lat': 1.0224873, 'lng': 99.48836899999999}, 'viewport': {'northeast': {'lat': 1.023801029892722, 'lng': 99.48972252989273}, 'southwest': {'lat': 1.021101370107278, 'lng': 99.48702287010728}}}",suka suka,,ChIJk8X-PDftKzARkPyZ93lx0ks,4.0,"['lodging', 'point_of_interest', 'establishment']",5
"3WPG+53M, Pasar I. Singkuang, Muara Batang Gadis, Ps. I. Singkuang, Kec. Muara Batang Gadis, Kabupaten Mandailing Natal, Sumatera Utara 22989, Indonesia","{'location': {'lat': 1.0854699, 'lng': 98.9251695}, 'viewport': {'northeast': {'lat': 1.086793329892722, 'lng': 98.92623262989274}, 'southwest': {'lat': 1.084093670107278, 'lng': 98.92353297010729}}}",Mess Snc Singkuang,"[{'height': 1920, 'html_attributions': ['<a href=""https://maps.google.com/maps/contrib/113229495954257955919"">A Google User</a>'], 'photo_reference': 'AUGGfZn0iI6HFrG7a9LSA3STzgKvvICsiGShXHwc4AiDRlRYKHfPuhCBwUGEXB9r0Bx7xGqbFGPBBD4oykmJs4oD8XTni3ly1CDpwBdP9ZxgJWzxaBAXM76r02JpafldG4Hka9ET5J-Ypho3UV3PpitBoxGpBhozBdQidLIE9_Vr6UtJfJaL', 'width': 1080}]",ChIJHZ_lL9VOKTARXAo9Wj7EJbo,3.9,"['lodging', 'point_of_interest', 'establishment']",10
"69PJ+322, Siture, Batang Angkola, South Tapanuli Regency, North Sumatra 22773, Indonesia","{'location': {'lat': 1.2352549, 'lng': 99.37997659999999}, 'viewport': {'northeast': {'lat': 1.236613379892722, 'lng': 99.38137577989272}, 'southwest': {'lat': 1.233913720107278, 'lng': 99.37867612010729}}}",Batam,,ChIJrR43W_MJLDARFcmiFQy-8-Y,0.0,"['lodging', 'point_of_interest', 'establishment']",0
"78QG+PM3, Jl. Trans Sumatera Bukittinggi - Padang Sidempuan, Muara Tais II, Kec. Batang Angkola, Kabupaten Tapanuli Selatan, Sumatera Utara 22733, Indonesia","{'location': {'lat': 1.2892612, 'lng': 99.3266737}, 'viewport': {'northeast': {'lat': 1.290662179892722, 'lng': 99.32811407989273}, 'southwest': {'lat': 1.287962520107278, 'lng': 99.32541442010728}}}",Kolam Pemandian Air Panas Alan Harahap,"[{'height': 1800, 'html_attributions': ['<a href=""https://maps.google.com/maps/contrib/115858986082740701342"">西野剛司</a>'], 'photo_reference': 'AUGGfZmSRPlC2Bw7VrmQeEBoQypAI2yEVDJFwZcDBfOKbE0WGnHo6Hd7WBceDlR-riT6BDnCpqHTvd7T3bBxnnwMVWqPotdVB7yBw6CpOyzmuR8Abxma6WwVM9OKm62nKeyd13E8Ieikv1d9JR9EMUXn12cqGmMe-EQ3t1cAqTiRxmGtK-JE', 'width': 4000}]",ChIJASBUjMsFLDAR3AZyxzX0lC0,4.1,"['lodging', 'point_of_interest', 'establishment']",8
"G5HP+C2H, Pasar Marancar, Marancar, South Tapanuli Regency, North Sumatra 22735, Indonesia","{'location': {'lat': 1.5285682, 'lng': 99.1850984}, 'viewport': {'northeast': {'lat': 1.530014029892722, 'lng': 99.18654777989272}, 'southwest': {'lat': 1.527314370107278, 'lng': 99.18384812010727}}}",Warung Pak Baja,"[{'height': 1280, 'html_attributions': ['<a href=""https://maps.google.com/maps/contrib/108100774194253719083"">A Google User</a>'], 'photo_reference': 'AUGGfZlsDGZgnCec6gJpjatrywkXYfDoChFeACu6H89gVz9-TKT4uTp92a4JiQoaAHVidCeEJ3M5t7NzmHKjsex7ypj6LxtYzHKs4Z58xNdKDzAx-yBG-DVhyo69ZWkq_CFOdd14_Wlff-Wq_RQHSRZhfdjuNs6NKW5h7mxIPtzBbTkcGKXy', 'width': 720}]",ChIJR4TGfDWfLjARv_SWguJOEOQ,3.5,"['lodging', 'point_of_interest', 'establishment']",2
"VHC6+7Q8, Kampung Padang, Panyabungan, Mandailing Natal Regency, North Sumatra 22976, Indonesia","{'location': {'lat': 0.8706553, 'lng': 99.5619607}, 'viewport': {'northeast': {'lat': 0.8720108798927223, 'lng': 99.56334637989272}, 'southwest': {'lat': 0.8693112201072778, 'lng': 99.56064672010727}}}",Payaloting Hotel,"[{'height': 2340, 'html_attributions': ['<a href=""https://maps.google.com/maps/contrib/104176514810066623552"">Anggi Sembiring</a>'], 'photo_reference': 'AUGGfZlU-xi851agH_9avE4Qg7DZvvDH81J8t1pxMvzfhPoCfYZGMKojavYcUPFWRs3rZv0Xra26SxNGocEXQKGGBlGTdsG1-fpTszovMdeOSRNUm0UoeyE6E0h8plzj1da1PAfvHwgaPjFBS8iPCVkp9b9AzKnWaVTRLob0ER2Jm2qJ1NWp', 'width': 4160}]",ChIJh6h8ipO_KzARdgcT5T-XLrQ,3.6,"['lodging', 'point_of_interest', 'establishment']",152
"C779+H9G, Batang Ayumi Julu, Padangsidimpuan Utara, Padang Sidempuan City, North Sumatra 22733, Indonesia","{'location': {'lat': 1.4139422, 'lng': 99.2684604}, 'viewport': {'northeast': {'lat': 1.41483975, 'lng': 99.2707641}, 'southwest': {'lat': 1.41124955, 'lng': 99.26769250000001}}}",Busies,,ChIJVzHVWL0dLDARyvgNmORfX4U,0.0,"['lodging', 'point_of_interest', 'establishment']",0
"6V88+XM9, Sikapas, Muara Batang Gadis, Mandailing Natal Regency, North Sumatra, Indonesia","{'location': {'lat': 1.217409, 'lng': 98.866731}, 'viewport': {'northeast': {'lat': 1.218758829892722, 'lng': 98.86808082989275}, 'southwest': {'lat': 1.216059170107278, 'lng': 98.8653811701073}}}",Pantai Batu Badaon,"[{'height': 4160, 'html_attributions': ['<a href=""https://maps.google.com/maps/contrib/107396150413376953728"">A Google User</a>'], 'photo_reference': 'AUGGfZnoPH5pYqPluq2lPFFYBbpdMbKaZUgdmRhRNvov4ajkI28Tfo8mvDWb5pR9tYMLr-Akhb8k1ZW-7y5GqiksogK0tZd6H6Y-UlkuShsSHZ9gTjuofEpJV3C_wkuA0IhiO_ag-Z8n8blzHKmaXoO-HSWfFQtGtwZUSUDX97dUTq4R30nk', 'width': 3120}]",ChIJEzeZPsC1LjARf1VHxND7Two,4.6,"['lodging', 'point_of_interest', 'establishment']",11
"VHGC+J3J, Sigalapang Julu, Panyabungan, Mandailing Natal Regency, North Sumatra 22976, Indonesia","{'location': {'lat': 0.8765978, 'lng': 99.5701296}, 'viewport': {'northeast': {'lat': 0.8784906000000001, 'lng': 99.57138777989273}, 'southwest': {'lat': 0.8709193999999999, 'lng': 99.5686881201073}}}",HOTEL RAFIQ PAK ASSISTEN TJB,"[{'height': 2322, 'html_attributions': ['<a href=""https://maps.google.com/maps/contrib/109794775609800176003"">ezackep kosongtujuh</a>'], 'photo_reference': 'AUGGfZlbVinRDVKVfaaPMEwVgKrAZzapgjjXdP0ecIsJHo95VMbpAmp1_2RlN__jYHq68C7f0-_4uNVSO8QR-CbJOwa0fIX67DZ-83X_3ar1mt09oiCb-Qev-gruwiWsKVvUvfEityaSk7x3hAb8MoF-4fkum6sovOvEpyAlhJO6vzSbxQoe', 'width': 4128}]",ChIJVVVVVcC_KzARnLMM-z5zgLI,4.7,"['lodging', 'point_of_interest', 'establishment']",3
"VH89+583, Siantar City, Panyabungan, Mandailing Natal Regency, North Sumatra 22912, Indonesia","{'location': {'lat': 0.8654472999999999, 'lng': 99.568294}, 'viewport': {'northeast': {'lat': 0.8670091798927223, 'lng': 99.56946667989273}, 'southwest': {'lat': 0.8643095201072778, 'lng': 99.56676702010728}}}",Mariring Hotel,"[{'height': 6936, 'html_attributions': ['<a href=""https://maps.google.com/maps/contrib/108314254827593880910"">A Nst</a>'], 'photo_reference': 'AUGGfZlxoVFM6CnwdQBgdxdZVYsc5XLM-txK_lnXw5Vd95ptpWl-9zJ28F8k3OzIb7CeyE951QVBVvU1SK3hCgV9Ka52fMbDf4nv17_aYVOMxAU-cuYDV9rZDvWID20yLsDHDIMil6AMeNRjHrYhtp2qmXIvgxslVLwbvFmwZjyIQph9ZtoE', 'width': 9248}]",ChIJAQAAAEC-KzARy_SIBDg38iI,4.0,"['lodging', 'point_of_interest', 'establishment']",189
"Jl. Lintas Timur Gng.Tua, Panggorengan, Kec. Panyabungan, Kabupaten Mandailing Natal, Sumatera Utara 22918, Indonesia","{'location': {'lat': 0.8770565, 'lng': 99.5640605}, 'viewport': {'northeast': {'lat': 0.8784399298927221, 'lng': 99.56534407989272}, 'southwest': {'lat': 0.8757402701072776, 'lng': 99.56264442010728}}}","Cahaya Hotel panyabungan, mandailing natal sumatera utara","[{'height': 1032, 'html_attributions': ['<a href=""https://maps.google.com/maps/contrib/118120660825179224463"">A Google User</a>'], 'photo_reference': 'AUGGfZndJ5TBz_pRmLx-UNLsPSMi7NAmBZhAcTubdatCq8IZLBBuAwqKoOrwJvMrNXM2lH8RZV8gxNG_c7ZuqLl28MvgFYT4G01z1zNYX1PFVUNNuRpVuM0pT97B4zSZBPzBzoCFSsLScY7JVnQzsnrD6nhj2nHQhLSuFuLq3IW7qjrXDUc5', 'width': 774}]",ChIJoV9fsuG_KzARl25yaMxWLjc,4.0,"['lodging', 'point_of_interest', 'establishment']",23
"C8V6+68, Pargarutan Batu, Angkola Timur, South Tapanuli Regency, North Sumatra 22733, Indonesia","{'location': {'lat': 1.4430366, 'lng': 99.31072859999999}, 'viewport': {'northeast': {'lat': 1.444299979892722, 'lng': 99.31195372989272}, 'southwest': {'lat': 1.441600320107278, 'lng': 99.30925407010729}}}","Pasanggrahan, Pargarutan Batu",,ChIJ3aGs1MIZLDARJYl3gZD_c78,5.0,"['lodging', 'point_of_interest', 'establishment']",1
"CCG5+HHG, Aek Godang, Hulu Sihapas, North Padang Lawas Regency, North Sumatra 22733, Indonesia","{'location': {'lat': 1.4264415, 'lng': 99.40894329999999}, 'viewport': {'northeast': {'lat': 1.427331550000001, 'lng': 99.40973112989272}, 'southwest': {'lat': 1.42377135, 'lng': 99.40703147010728}}}",Hotel Aek Godang,,ChIJWXTSRgAXLDARXPUuqKURvTc,0.0,"['lodging', 'point_of_interest', 'establishment']",0
"Jl. Trans Sumatera Panyabungan - Kotanopan No.43, Purba Baru, Kec. Lembah Sorik Marapi, Kabupaten Mandailing Natal, Sumatera Utara 22994, Indonesia","{'location': {'lat': 0.7692331, 'lng': 99.57740729999999}, 'viewport': {'northeast': {'lat': 0.7705635298927221, 'lng': 99.57879787989272}, 'southwest': {'lat': 0.7678638701072777, 'lng': 99.57609822010728}}}",Hotel Zam-Zam Syari'ah,"[{'height': 1181, 'html_attributions': ['<a href=""https://maps.google.com/maps/contrib/100999669726306419136"">Rumah Makan dan Penginapan Zam Zam</a>'], 'photo_reference': 'AUGGfZnbrVJNrd96XPWAFXG0dSfUsqK5_w5rBlz3nFV4V5-cGBnYR88eKPbifRaOFWJY7sratLQ1FQXH3aBbLclQETe5sHcd7_bbLfTwjkfDtN7b6U_l6NDy3S3k0fO0tHAFChYVdqF5eJeTl5j4SW5xGFJKDYAF2WRzAX-I8BOLAV5UByYq', 'width': 2100}]",ChIJzxxPZUa4KzARXc3kWYN_Llc,4.1,"['lodging', 'point_of_interest', 'establishment']",64
"JL. Baduasin Harahap No.6, Wek II, Kec. Padangsidimpuan Utara, Kota Padang Sidempuan, Sumatera Utara 22731, Indonesia","{'location': {'lat': 1.3785577, 'lng': 99.2727252}, 'viewport': {'northeast': {'lat': 1.379768529892722, 'lng': 99.27386292989272}, 'southwest': {'lat': 1.377068870107278, 'lng': 99.27116327010727}}}",Balangka Pidoli Hotel,,ChIJg3WKm4QcLDARSWQyj2Z4on8,1.0,"['lodging', 'point_of_interest', 'establishment']",1
"VH87+22F, Jl. Trans Sumatera Bukittinggi - Padang Sidempuan, Kayu Jati, Kec. Panyabungan, Kabupaten Mandailing Natal, Sumatera Utara 22976, Indonesia","{'location': {'lat': 0.8650645, 'lng': 99.56253}, 'viewport': {'northeast': {'lat': 0.8664234298927223, 'lng': 99.56394632989273}, 'southwest': {'lat': 0.8637237701072777, 'lng': 99.56124667010728}}}",HOTEL ISTANA VIII,"[{'height': 1536, 'html_attributions': ['<a href=""https://maps.google.com/maps/contrib/105672871961337823222"">Ramadan Syahrul Nasution</a>'], 'photo_reference': 'AUGGfZnRl0VCwTyme0av2GrEvq_su9rObjiPr3DPY7D1D9AlUSN6aHA6FtDYOnIcnU_0Uo86HbYrWqX7qKZt2DRmgvJAkc5S0wtfQG_xqSwuoGSc3K66ETc-h_rwANNMsv9bLe7hKxelOes3LRecelJ-OXeShLTDmABdwk1NAUT0ugervtHa', 'width': 2048}]",ChIJASZkWpe_KzARfdFWBQ-K27A,3.6,"['lodging', 'point_of_interest', 'establishment']",52
"M52F+MP, Simpang Koje, Lingga Bayu, Mandailing Natal Regency, North Sumatra, Indonesia","{'location': {'lat': 0.6516251, 'lng': 99.17430209999999}, 'viewport': {'northeast': {'lat': 0.6530325798927221, 'lng': 99.1756720798927}, 'southwest': {'lat': 0.6503329201072777, 'lng': 99.17297242010727}}}",Hotel Azriel,,ChIJe_CQRAB_KTARMLbAAltMwKU,0.0,"['lodging', 'point_of_interest', 'establishment']",0
"Jl. SM. Raja No. 101, Batang Ayumi Julu, Padangsidimpuan Utara, Batang Ayumi Julu, Padangsidimpuan Utara, Sitamiang, Kec. Padangsidimpuan Sel., Kota Padang Sidempuan, Sumatera Utara 22733, Indonesia","{'location': {'lat': 1.382092, 'lng': 99.27423089999999}, 'viewport': {'northeast': {'lat': 1.383433529892722, 'lng': 99.27569602989273}, 'southwest': {'lat': 1.380733870107278, 'lng': 99.27299637010728}}}",Hotel Sipirok Nauli,"[{'height': 3096, 'html_attributions': ['<a href=""https://maps.google.com/maps/contrib/106555666886585921074"">edo sianturi</a>'], 'photo_reference': 'AUGGfZkK6LGGMwJjPuN-J-xaGI-S2AmwADBM9c4XQbjrBuuka2iTO0T0RML4-IB7YVwTKR6lJFANx29aTFlyhdkYcpLGarV2qV-u7zVUaMnvKypy1Ysqr9_AWs7KZGlATSF7seJCLveEvywtI8pT13Htgo78euYlh4-WKx39Kpbp-1tD7r6U', 'width': 4128}]",ChIJT3Ft53YcLDAR6AG-F8tSVok,4.0,"['lodging', 'point_of_interest', 'establishment']",53
"Jl. Lintas Timur, Darussalam, Kec. Panyabungan, Kabupaten Mandailing Natal, Sumatera Utara 22976, Indonesia","{'location': {'lat': 0.853448, 'lng': 99.5708057}, 'viewport': {'northeast': {'lat': 0.8547888298927222, 'lng': 99.57215992989272}, 'southwest': {'lat': 0.8520891701072777, 'lng': 99.56946027010727}}}",Abara hotel,"[{'height': 2160, 'html_attributions': ['<a href=""https://maps.google.com/maps/contrib/114508317729452466664"">boedi jangan nakal</a>'], 'photo_reference': 'AUGGfZk40ySMw9lAEXAY57MpNJKw91DQrsXGr9csPdeOx7QvDJ22DUv97bvbePmkZColWJISwJ8J4SJCG8xCSXv1ub9C2g11bbGFmEvFOxwh82-7IkprZTCEB-LgsP3FJStg4mUTvz9RUsBx_tXBgUywqc9lGLbAHD3IdP1Kau_UgsZk2Mys', 'width': 3840}]",ChIJYdlnTAq_KzAR97TtPkvtPLo,3.9,"['lodging', 'point_of_interest', 'establishment']",313
"VH43+CPC, Jl. Kramat Sakti, Panyabungan Tonga, Kec. Panyabungan, Kabupaten Mandailing Natal, Sumatera Utara 22977, Indonesia","{'location': {'lat': 0.8559966999999999, 'lng': 99.5542586}, 'viewport': {'northeast': {'lat': 0.8573193298927223, 'lng': 99.55557922989271}, 'southwest': {'lat': 0.8546196701072778, 'lng': 99.55287957010728}}}",Hotel El Sunan,"[{'height': 3024, 'html_attributions': ['<a href=""https://maps.google.com/maps/contrib/107709105545143384054"">hari winarta</a>'], 'photo_reference': 'AUGGfZmHdc8T-SI8DpTdqj5PkYA66NB4Al-9YHjdfXmHfdnRhimN5qR72J2iYY4OtWIxdbePYXZ4Va2mxj63FeWXLV360vk-9D-xvl7FEi_hbjFpjkf_OmnD-fG5ClhgeU6uzdHrxHZD85ytYqdOG_5w9B3znCCc4JQMJgQJXs5DyGdwHkhC', 'width': 4032}]",ChIJKan_Wn-_KzAR6KrLWXvf9bU,4.1,"['lodging', 'point_of_interest', 'establishment']",93
"VH76+QQV, Jl. H. Abdul Umar Nasution, Kayu Jati, Kec. Panyabungan, Kabupaten Mandailing Natal, Sumatera Utara 22919, Indonesia","{'location': {'lat': 0.8644841, 'lng': 99.56193139999999}, 'viewport': {'northeast': {'lat': 0.8658800798927222, 'lng': 99.56327492989273}, 'southwest': {'lat': 0.8631804201072777, 'lng': 99.56057527010728}}}",Anugrah Hotel,"[{'height': 2988, 'html_attributions': ['<a href=""https://maps.google.com/maps/contrib/111785947456694201423"">patuan jolakmaribu</a>'], 'photo_reference': 'AUGGfZkGzsRYPEt7REyqbdQcFhdM15hZZefIN8AlRqTilQsAVgjGN6ug-j1ej28zTRinDeX0pQShlkXUrdl1kIWIuRsCys7JIyeCGlJOeVMUKEkk-ApNEI90PzaT8xuMqH-FcGKxqA2Ae_TpEESDQM0cHUMxAXrLBEpWp5ReXxomYdXTcurz', 'width': 5312}]",ChIJ5_LS-Jm_KzARgR9oobPZK5I,3.9,"['lodging', 'point_of_interest', 'establishment']",66
"RH6C+53C, Jl. Willem Iskandar, Kel. Dalan Lidang, Kec. Panyabungan, Parbangunan, Kec. Panyabungan, Kabupaten Mandailing Natal, Sumatera Utara 22977, Indonesia","{'location': {'lat': 0.8104363, 'lng': 99.5701383}, 'viewport': {'northeast': {'lat': 0.8118461298927222, 'lng': 99.57161887989272}, 'southwest': {'lat': 0.8091464701072778, 'lng': 99.56891922010728}}}",HOTEL MADINA SEJAHTERA Hotel & Restoran,"[{'height': 1080, 'html_attributions': ['<a href=""https://maps.google.com/maps/contrib/102725711215891067606"">Marco Tabo Silalahi</a>'], 'photo_reference': 'AUGGfZmjfOSggKu-SDLEbZnZzcNeiP9mltMV6D_1o8qPo1Cq_kTkEfw71jy_2GkPNFxcOQ-ptW187j6a1OBIQtjzJxeFJizZ3NIiXxhUbmEosmEkoNXMQN-rAa96oo-p4l7xH1-I6JwjyOl3n9qbQwpHYbOeKlXQCSdbWggVZiEtO7zK0DFv', 'width': 1920}]",ChIJyZT_98i4KzARv68F3r0ltR8,3.5,"['lodging', 'restaurant', 'food', 'point_of_interest', 'establishment']",261
"Jl. Kapten Koima No.58, Bincar, Kec. Padangsidimpuan Utara, Kota Padang Sidempuan, Sumatera Utara 22718, Indonesia","{'location': {'lat': 1.3818078, 'lng': 99.27033829999999}, 'viewport': {'northeast': {'lat': 1.383103729892722, 'lng': 99.27158387989273}, 'southwest': {'lat': 1.380404070107278, 'lng': 99.26888422010728}}}",Hotel Maninjau,"[{'height': 2976, 'html_attributions': ['<a href=""https://maps.google.com/maps/contrib/100658470225836903605"">A Google User</a>'], 'photo_reference': 'AUGGfZm-yAhloXvT72WNDRo6mkkklJ_7TcmfR4uAaZjxc_WXRDGhkFuEUj0NAv-2MNF38lwSHoqRE_loYin5dFrGkJMG0DMkGIvcvor-MXHB0KTYB0eZZLwdygIvdLygSLsvewiAdUNknUTsxlihPfhmTNwBzn78GZughOdu_4UyqNHuXdJq', 'width': 3968}]",ChIJMxfn-IAdLDAR6lGr_vccZ3M,4.2,"['lodging', 'point_of_interest', 'establishment']",39
"97FH+F5P, Jl. Batang Pane, Wek V, Kec. Padangsidimpuan Sel., Kota Padang Sidempuan, Sumatera Utara 22711, Indonesia","{'location': {'lat': 1.3736839, 'lng': 99.277985}, 'viewport': {'northeast': {'lat': 1.375038829892722, 'lng': 99.27932702989273}, 'southwest': {'lat': 1.372339170107278, 'lng': 99.27662737010728}}}",Aldi,,ChIJ1Q_xx8EdLDARebWZULU8AZA,0.0,"['lodging', 'point_of_interest', 'establishment']",0
"8FJ5+GH4, Pasar Matanggor, Batang Onang, North Padang Lawas Regency, North Sumatra 22762, Indonesia","{'location': {'lat': 1.3312871, 'lng': 99.458916}, 'viewport': {'northeast': {'lat': 1.332590429892722, 'lng': 99.46031002989271}, 'southwest': {'lat': 1.329890770107278, 'lng': 99.45761037010726}}}",Bonandolok,,ChIJq6ubaJMNLDARCeYtc9oEVhg,0.0,"['lodging', 'point_of_interest', 'establishment']",0
"97R4+R37, Sadabuan, Padangsidimpuan Utara, Padang Sidempuan City, North Sumatra, Indonesia","{'location': {'lat': 1.392052, 'lng': 99.2551577}, 'viewport': {'northeast': {'lat': 1.393356129892722, 'lng': 99.25655077989272}, 'southwest': {'lat': 1.390656470107278, 'lng': 99.25385112010729}}}",Nurhamidah,,ChIJW4LEcwAdLDARgoexNKHxewE,0.0,"['lodging', 'point_of_interest', 'establishment']",0
"Jl. Kapten Koima No.164, Wek I, Kec. Padangsidimpuan Utara, Kota Padang Sidempuan, Sumatera Utara 22711, Indonesia","{'location': {'lat': 1.3859531, 'lng': 99.2677329}, 'viewport': {'northeast': {'lat': 1.387285379892722, 'lng': 99.26904517989273}, 'southwest': {'lat': 1.384585720107278, 'lng': 99.2663455201073}}}",MTM HOTEL,"[{'height': 2464, 'html_attributions': ['<a href=""https://maps.google.com/maps/contrib/112535383448074009115"">handoko gresik</a>'], 'photo_reference': 'AUGGfZne06CeJMy2-u2UydF-lQ2NnTHcHpj8s4Z673D_l-XfehDHbUkDH_jQhzxc51hI031cowGvnGXmHsGjRe6JksD7MUnExtWnhhDZ73XUv48NPymyUdXpI6e9a9lJh4KMmnp0rB8E5OXGghnCKG8h_gKyh203b8jbcqHRM9OLHAUkQrYX', 'width': 3280}]",ChIJ_f9P4occLDARCxOT0-J6Ap0,4.1,"['lodging', 'point_of_interest', 'establishment']",278
"Jl. Padang Sidempuan Km.10.27, Pandan, Kec. Pandan, Kabupaten Tapanuli Tengah, Sumatera Utara 22611, Indonesia","{'location': {'lat': 1.6825948, 'lng': 98.82155379999999}, 'viewport': {'northeast': {'lat': 1.684008429892722, 'lng': 98.82298732989273}, 'southwest': {'lat': 1.681308770107278, 'lng': 98.82028767010729}}}",Hotel Marina,"[{'height': 2394, 'html_attributions': ['<a href=""https://maps.google.com/maps/contrib/112205335171349233749"">Ernes Ronan</a>'], 'photo_reference': 'AUGGfZmQcWOGj0veEMXSAT_Hz2o0gikDDEukD3FLh5bgy6kmkygUFkedkSXPXKl-qzyvfE6sZGfl2_7Hmv4v3Dvo_Nq-CnpXPemDq00k6uJGTnKVfznX-VAcGR2UB2hLowkJXXElogXeyYE_oIGBb8TCKbSV80Pr0e269HRVnOhGNWQfeW0a', 'width': 1800}]",ChIJBQ6ObxzzLjARDleLFbkNgSI,3.0,"['lodging', 'point_of_interest', 'establishment']",101
"Jalan Padang Sidempuan, Pandan, Kec. Pandan, Kota Sibolga, Sumatera Utara 22521, Indonesia","{'location': {'lat': 1.677274, 'lng': 98.8264459}, 'viewport': {'northeast': {'lat': 1.678680729892722, 'lng': 98.82786697989272}, 'southwest': {'lat': 1.675981070107278, 'lng': 98.82516732010728}}}",Pandan Carita Hotel,"[{'height': 3120, 'html_attributions': ['<a href=""https://maps.google.com/maps/contrib/111008448403711269734"">Putra AG</a>'], 'photo_reference': 'AUGGfZknHs6s_m1sCSACNxyBRnl4qx2yQ9U3p2BmU7_ECAW7HvE4khfI3LwMNraQwvNzHajS8oubR2jeAwOP_pYmTzNqodBENFL-wS7T95ZO-LypXVkjey4KQeJUsT-JHJtgRNq7OhUmXaT_LfUHbCftztDdHOHwJGmIGMaao2AtX7iH2jVF', 'width': 4160}]",ChIJF1epq37zLjARCMsrIFcxL0Y,3.9,"['lodging', 'point_of_interest', 'establishment']",599
"2X8W+2J4, Jl. Jct. Simorangkir, Si Raja Hutagalung, Kec. Siatas Barita, Kabupaten Tapanuli Utara, Sumatera Utara 22416, Indonesia","{'location': {'lat': 2.0150428, 'lng': 98.9966499}, 'viewport': {'northeast': {'lat': 2.016427829892723, 'lng': 98.99795527989272}, 'southwest': {'lat': 2.013728170107278, 'lng': 98.99525562010727}}}",Penginapan Golat Asri,"[{'height': 1968, 'html_attributions': ['<a href=""https://maps.google.com/maps/contrib/101042738749517980856"">A Google User</a>'], 'photo_reference': 'AUGGfZmAmQAwA72xq_WkpWEooXPCKlNlLseWOYS65aNNhDNWluze3V6yctqMIVKn5lq5dUW4vM0_4cGqH9ykPL_bhGr_zMaoXETn2cTcq1my12g31H2_7n_ZAvldFzlv-8y20i6skYI5P40rwxlSOtuV3pxabod5oq6VXRuSoGoG06fYcKqg', 'width': 4160}]",ChIJBcDoYdNvLjARiEjDQP8rYpo,4.3,"['lodging', 'point_of_interest', 'establishment']",6
"Jl. Raja Johannes No.7A, Partali Toruan, Tarutung, Hutatoruan X, Kec. Tarutung, Kabupaten Tapanuli Utara, Sumatera Utara 22411, Indonesia","{'location': {'lat': 2.0242489, 'lng': 98.97603939999999}, 'viewport': {'northeast': {'lat': 2.025666279892722, 'lng': 98.97755272989272}, 'southwest': {'lat': 2.022966620107277, 'lng': 98.97485307010729}}}",Hineni Hotel,"[{'height': 2592, 'html_attributions': ['<a href=""https://maps.google.com/maps/contrib/107786389414795925026"">A Google User</a>'], 'photo_reference': 'AUGGfZmJ7sytz6V2VFPtM4BiQ4Tdk3nEiC2QCYTzgtxtjLnTZtqVLGgvz9z_J4Pxc3vh5hTD9N-IbwpbZOD_VZXguj0ykfliODhTgPkZ8eO961VPBCVmhvrmid64LPnxKfvtal7uURAbyaaW5vRZjMt2t9Me9fsyXHgK9zreZrARg6OjhPxa', 'width': 4608}]",ChIJ_____09uLjAR5jQHGL9I5Dg,3.9,"['lodging', 'point_of_interest', 'establishment']",807
"Jl. Jct. Simorangkir No.7, Salib Kasih, Kec. Tarutung, Kabupaten Tapanuli Utara, Sumatera Utara 22416, Indonesia","{'location': {'lat': 2.016688, 'lng': 98.99238710000002}, 'viewport': {'northeast': {'lat': 2.017992979892723, 'lng': 98.99374657989273}, 'southwest': {'lat': 2.015293320107278, 'lng': 98.99104692010728}}}",Hotel Villa Kartini,"[{'height': 581, 'html_attributions': ['<a href=""https://maps.google.com/maps/contrib/112004269733423166651"">A Google User</a>'], 'photo_reference': 'AUGGfZm-QuBh9HG1NO9fk4VxLv3tzhzNUlhPuSBMV7NfnqVHie-YKQjmgS4lnGy1qubdrwNW4cinHIKrF4aFE9Kg_IerBa6ck4hiFEGn03WyY8iUC_eTyRgvAz2bGd7Nylqwim1WeHuzvMDjAmudfS2yLyPnJtWaC3_RjDssh1XoBNHQPZod', 'width': 782}]",ChIJH4wJXkduLjARrmfpkNAw1HM,4.3,"['lodging', 'point_of_interest', 'establishment']",70
"Jalan Mayjen Di Panjaitan No.103, Hutatoruan V, Tarutung, Hutatoruan VI, Kec. Tarutung, Kabupaten Tapanuli Utara, Sumatera Utara 22412, Indonesia","{'location': {'lat': 2.0219377, 'lng': 98.9660656}, 'viewport': {'northeast': {'lat': 2.023332379892723, 'lng': 98.96739657989274}, 'southwest': {'lat': 2.020632720107278, 'lng': 98.96469692010729}}}",Hotel Palapa,"[{'height': 997, 'html_attributions': ['<a href=""https://maps.google.com/maps/contrib/107683574033766874461"">Nawra MT</a>'], 'photo_reference': 'AUGGfZlYp0QUJgKzDA5xR-8vGyR7bGd6VrpIIWEVAhmtgI53S9Y_S-iiUZDJLgizTs-hlx2nsAsVFjgYj9z_4p-6rQURD7QOxylJ9RBhaytw6H4D86A9aYkvuDi4AzbHnCz_0Y49GrPkmx6T5QdgL8a7r_yCpRFqKi482LASp9ywvnr89D00', 'width': 1080}]",ChIJEQvp4fpuLjAR1gCU3Hi1gPI,3.9,"['lodging', 'point_of_interest', 'establishment']",298
"Partali Julu, Tarutung, North Tapanuli Regency, North Sumatra 22452, Indonesia","{'location': {'lat': 2.0441893, 'lng': 98.9790058}, 'viewport': {'northeast': {'lat': 2.045590279892723, 'lng': 98.98034327989272}, 'southwest': {'lat': 2.042890620107278, 'lng': 98.97764362010729}}}","Beryl Farm, Resto & Homestay","[{'height': 1504, 'html_attributions': ['<a href=""https://maps.google.com/maps/contrib/111784630469127949258"">A Google User</a>'], 'photo_reference': 'AUGGfZne0zdRMfUZfSOJfta1tqHV2tWNZqRGHsnRMUJKTlt6ZiyRqDd9xwNSN2Hfnx3ScjLBVPWOEl2saKIvxcJYiWZvFdWN1R8FoioZVtCgwhZtzdoMkkSgB7ohC1ttG55xyn89qztZrXGdjrnbdT69ueLdYeLLVoU8-hNhrAgZ0-Btvtbj', 'width': 3264}]",ChIJyWxufNdtLjARYJj9wzDLmTM,4.5,"['restaurant', 'lodging', 'food', 'point_of_interest', 'establishment']",342
"Jl. Balige No.1, Hutatoruan VI, Kec. Tarutung, Kabupaten Tapanuli Utara, Sumatera Utara 22411, Indonesia","{'location': {'lat': 2.0276525, 'lng': 98.9623663}, 'viewport': {'northeast': {'lat': 2.028936229892722, 'lng': 98.96360207989272}, 'southwest': {'lat': 2.026236570107277, 'lng': 98.96090242010729}}}",Hotel & Restaurant Bali,"[{'height': 4000, 'html_attributions': ['<a href=""https://maps.google.com/maps/contrib/115088376854132788510"">Johnny Siahaan</a>'], 'photo_reference': 'AUGGfZkv1DfMzG6dIulpjXTXAKeNhvNHzvJQbm_gnipTNSaIPRlLw1aTN7z-nbhkCufvoS4hVFMAsEhRCjOjipEm7835oBxRS4SqdHMmoMF9UfgX0Ke5y-LmQKPcohDWe7dyHhLjLbnF0GA7ez9BWL-Dxr7KZIwuckMbryUkpjGuWKuBL4dv', 'width': 3000}]",ChIJB8jepI5uLjARDAm9NnTnFCQ,3.7,"['lodging', 'restaurant', 'food', 'point_of_interest', 'establishment']",239
"Cafe A, Jl. Jct. Simorangkir, Si Raja Hutagalung, Kecamatan Simorangkir, Kabupaten Tapanuli Utara, Sumatera Utara 22416, Indonesia","{'location': {'lat': 2.0150494, 'lng': 98.9966611}, 'viewport': {'northeast': {'lat': 2.016447329892722, 'lng': 98.99799677989273}, 'southwest': {'lat': 2.013747670107278, 'lng': 98.9952971201073}}}",OYO 91562 Hotel & Cafe Angkasa Golat,"[{'height': 3000, 'html_attributions': ['<a href=""https://maps.google.com/maps/contrib/109554163721834487526"">Yui san</a>'], 'photo_reference': 'AUGGfZnNFEjwDLtm5V_ySVfTm025T5N-u-stMGHJS-YFak5kh5isHw5ehpvkbyIzjaWLXo9aJdlJ8_izHlM4_O1NxwcgF66fPK7_bDE3r9p6snJmGrPlIJJtkg071IPWgCEbDZPLA3nl-Oy4GrA_tBQMHTLP4KbRY22vRaErzetPxR7YvexF', 'width': 4000}]",ChIJY9BEdm1vLjAR1nlQWyVnXXo,3.8,"['lodging', 'point_of_interest', 'establishment']",4
"Jl. Dr. Sutomo, Hutatoruan X, Kec. Tarutung, Kabupaten Tapanuli Utara, Sumatera Utara 22411, Indonesia","{'location': {'lat': 2.0224825, 'lng': 98.96303189999999}, 'viewport': {'northeast': {'lat': 2.023859129892722, 'lng': 98.96437562989271}, 'southwest': {'lat': 2.021159470107277, 'lng': 98.96167597010728}}}",RedDoorz @ Haraito Tarutung,"[{'height': 600, 'html_attributions': ['<a href=""https://maps.google.com/maps/contrib/112462180517168578954"">A Google User</a>'], 'photo_reference': 'AUGGfZnwYaLtaNrRbzjKw3l0YF2HixWMuFPnXLSmXDM0M1JZchjnNFMnY5bgm9hqQ1gerGoEJP9J9_KU4Tu1J_2MqCVP3T8dT4UDv1Bc44G4rm___W05QTnvZQxdZAHMYgjs4wwA0ZEzIshb_nfrIqfcjIOUm2-Nydyz9-0vSKOtC4w2bMm8', 'width': 900}]",ChIJm2mG2NFvLjARTJzbjooHXfs,3.6,"['lodging', 'point_of_interest', 'establishment']",100
"Hutatoruan X, Tarutung, North Tapanuli Regency, North Sumatra 22411, Indonesia","{'location': {'lat': 2.0266034, 'lng': 98.9751615}, 'viewport': {'northeast': {'lat': 2.028003829892722, 'lng': 98.97663947989273}, 'southwest': {'lat': 2.025304170107278, 'lng': 98.97393982010728}}}",Hotel Glory Tarutung,"[{'height': 661, 'html_attributions': ['<a href=""https://maps.google.com/maps/contrib/114345798328286021043"">A Google User</a>'], 'photo_reference': 'AUGGfZndG3tw4oxSbJZHC-yH__CpDex8cn5yNngHNHVopuiKMznfc1nnum2bIMAfqToyFsgdq-vpAvGlLKITo0Z8Fk87Bf6P7XZtq6Vnp93u5gMXAinLmegcE49PRNnfzcF6Z8pLNvtp-UdW4oZcKu_smpVRRl-r1dFWyCwamSvjlSSKy0UJ', 'width': 1600}]",ChIJoXcXp2ZuLjARagVnpx9YmIg,3.9,"['lodging', 'point_of_interest', 'establishment']",89
"24, Jl. Jct. Simorangkir No.24, Hutatoruan VII, Tarutung, North Tapanuli Regency, North Sumatra 22416, Indonesia","{'location': {'lat': 2.0166745, 'lng': 98.992323}, 'viewport': {'northeast': {'lat': 2.017977979892722, 'lng': 98.99368337989273}, 'southwest': {'lat': 2.015278320107277, 'lng': 98.99098372010728}}}",OYO 1520 Hotel Kartini,,ChIJsV_XyzhuLjARaV9-HhbOCGQ,3.7,"['lodging', 'point_of_interest', 'establishment']",3
"Jl. Dr. Sutomo, Hutatoruan VI, Kec. Tarutung, Kabupaten Tapanuli Utara, Sumatera Utara 22411, Indonesia","{'location': {'lat': 2.0226121, 'lng': 98.9633528}, 'viewport': {'northeast': {'lat': 2.023994579892722, 'lng': 98.96469517989273}, 'southwest': {'lat': 2.021294920107278, 'lng': 98.96199552010728}}}",OYO 2220 PINK'S GUEST HOUSE,"[{'height': 427, 'html_attributions': ['<a href=""https://maps.google.com/maps/contrib/109041260099354695943"">A Google User</a>'], 'photo_reference': 'AUGGfZmUqOF0Mcbfqy40haFxFwHGqc6f98T6zlCh6zmB5DdzJmBZz_rr-am9E6KK2we5AQTYO-c5fZAOF_jdLLGYpo5j1VrufiRtckPfOaHdjNR7eiiUvfZ29MgrEZaWk0MjkW7pAXoI3dj4U_pi8DVunEmcbzN-xyGzJLE9nh-agTM9BkGC', 'width': 759}]",ChIJRRwxfttvLjARJgxesHg9-gA,4.1,"['lodging', 'point_of_interest', 'establishment']",108
"Paniaran, Siborongborong, North Tapanuli Regency, North Sumatra 22474, Indonesia","{'location': {'lat': 2.18145, 'lng': 98.9833602}, 'viewport': {'northeast': {'lat': 2.182849929892722, 'lng': 98.98469162989272}, 'southwest': {'lat': 2.180150270107278, 'lng': 98.98199197010727}}}",Pea Nature,"[{'height': 2268, 'html_attributions': ['<a href=""https://maps.google.com/maps/contrib/106730082906648480273"">Enfreddy Nababan</a>'], 'photo_reference': 'AUGGfZnEwQnHQ4dvUtYAHy91RKBuazUC_g4pVItG3_OGcJf0XuF_8ZbQu-jtkLFmK2QBmxd7NbSYeEprlQYeXdGtlpy5hSHWcqQeBv9AvlSatZnZrsAxSPPT50WFZO3MllVWOW9SoEf_zODQNnYCTuxVc9-XtsJ4LhQSYaQfM0GJUblUnsFf', 'width': 4032}]",ChIJG-aTAAwTLjARnUjymfiJV70,4.6,"['lodging', 'point_of_interest', 'establishment']",19
"Jl. Ir. Mananti No.07, Sitompul, Kec. Siatas Barita, Kabupaten Tapanuli Utara, Sumatera Utara 22416, Indonesia","{'location': {'lat': 2.0141283, 'lng': 98.9865093}, 'viewport': {'northeast': {'lat': 2.015559179892722, 'lng': 98.98782827989271}, 'southwest': {'lat': 2.012859520107278, 'lng': 98.98512862010728}}}",Homestay dan Penginapan Kartini,"[{'height': 637, 'html_attributions': ['<a href=""https://maps.google.com/maps/contrib/115888509371325711185"">A Google User</a>'], 'photo_reference': 'AUGGfZmdKTovXIai0C7SkPtWhjOu1C876MiWT7SyMZdgxMbf482oenoHFdNypYC7Uw7AFvvPXeq7iEk3WnjtQTazPdQLMgOpGSsnchn4iKSyWUdWi_rxO-NEzQ5BTj-qWhFL6pRQVGHI4hLaKPQc_cB9wgZOuoWzzGv3PEESmpIe4kmAT_OD', 'width': 1365}]",ChIJJ57UdedvLjAR1OGGnI_muBw,0.0,"['lodging', 'point_of_interest', 'establishment']",0
"Jl. Sm Raja No.12, Situmeang Hasundutan, Kec. Sipoholon, Kabupaten Tapanuli Utara, Sumatera Utara 22452, Indonesia","{'location': {'lat': 2.0808709, 'lng': 98.94404469999999}, 'viewport': {'northeast': {'lat': 2.082322329892722, 'lng': 98.94532077989274}, 'southwest': {'lat': 2.079622670107277, 'lng': 98.94262112010729}}}",Hosea Hotel,"[{'height': 1908, 'html_attributions': ['<a href=""https://maps.google.com/maps/contrib/114186703348105210248"">A Google User</a>'], 'photo_reference': 'AUGGfZklkYa6iF-saKcYzIp549kgv-Tmq8sCauYLtowcdBFBwJ36SKHRP0j1xTRA4orVl7hvM2yHgyf7vYmYcdrJBP2O590ntEnPnlClHfT0vKjDnYAa31TGPmyTw33A20eBC7KW5QZDB4JshOA9itZQt2zFWCX7EuWr-a-OdkfOuBvmKSjJ', 'width': 4128}]",ChIJQ9CRiIpsLjARYEWJzLVZC1A,3.9,"['lodging', 'point_of_interest', 'establishment']",91
"2XC7+CJ7, Jl. Mayjend. D. I. Panjaitan, Hutatoruan VI, Kec. Tarutung, Kabupaten Tapanuli Utara, Sumatera Utara 22411, Indonesia","{'location': {'lat': 2.0210393, 'lng': 98.96406089999999}, 'viewport': {'northeast': {'lat': 2.022430779892723, 'lng': 98.96541572989274}, 'southwest': {'lat': 2.019731120107278, 'lng': 98.96271607010729}}}",Hotel Grand Kenari,"[{'height': 900, 'html_attributions': ['<a href=""https://maps.google.com/maps/contrib/101970590715942095260"">Supriadi Tampubolon</a>'], 'photo_reference': 'AUGGfZkqgHaKvIZq9rovtUycjdi9DwrpTRE3wob9GgV0cTbXpWLIyA8W55YP9jgtVkZm0iNuGhJTbul2kmse4Vyg_K0Kri4fn2vSVQVayj7HraK525tiWwVv8AfBvsICH2pZ6o3JNyXOm7jyE05NHgYVJVNF4l3VxH6wVbzEc4wZMJwaR1yh', 'width': 1600}]",ChIJly-Bu_RuLjARoNWxX_K0wyU,3.6,"['lodging', 'point_of_interest', 'establishment']",85
"Situmeang Hasundutan, Sipoholon, North Tapanuli Regency, North Sumatra 22452, Indonesia","{'location': {'lat': 2.0751659, 'lng': 98.944113}, 'viewport': {'northeast': {'lat': 2.076463629892722, 'lng': 98.94511747989273}, 'southwest': {'lat': 2.073763970107278, 'lng': 98.9424178201073}}}",Lokasi Wisata Pemandian Air Panas Sipoholon,"[{'height': 3456, 'html_attributions': ['<a href=""https://maps.google.com/maps/contrib/114315602161775851016"">azman omar</a>'], 'photo_reference': 'AUGGfZm8j5Gus6Z1HhfsaAKgvf7GvdiCtV70LVdWMsPSrD-eE2h1O66ad2YUtjUrESx033iaPntSPWKnbG8ferN1sqtr-uAkNmKQP8Olqqk2nATC4D1Z0W3F15aVVUMSG4MO5VVTqRA52-DujV4jU1pC32SZacWJO8htHzNy6TUwkWsZyhiy', 'width': 4608}]",ChIJByqgK2dsLjARQE3DAwcLYh0,4.2,"['tourist_attraction', 'point_of_interest', 'establishment']",1623
"Jl Tarutung No.KM 1.5, SITABO-TABO, Kec. Siborongborong, Kabupaten Tapanuli Utara, Sumatera Utara 22474, Indonesia","{'location': {'lat': 2.1957263, 'lng': 98.96939839999999}, 'viewport': {'northeast': {'lat': 2.196933679892722, 'lng': 98.97084357989272}, 'southwest': {'lat': 2.194234020107277, 'lng': 98.96814392010727}}}",CIKOM HOTEL CAFE & RESTO,"[{'height': 1200, 'html_attributions': ['<a href=""https://maps.google.com/maps/contrib/106654989997071460801"">A Google User</a>'], 'photo_reference': 'AUGGfZmqFGb2d-T8uCNok6I7Ww3eXnmAyYwjTQhzjd0Vp3AsrNT6593_Sl3pcsMW9FoDAqKQKW7zqRTPpjlvQk7utz9UUcbNX0zW6eEkiHvpbkoYp1VXx23626Wk3RyPRUV5o_1UVkjjPFOf35s3ZLr9TYCYiJ46xUoozXD-KA7cTcK0CPnF', 'width': 1600}]",ChIJAyQ9u08TLjARRgVdoXg0FGA,4.3,"['lodging', 'point_of_interest', 'establishment']",3
"Jln, Jl. Orangutan, kec, Kec. Bohorok, Kabupaten Langkat, Sumatera Utara 20774, Indonesia","{'location': {'lat': 3.5498765, 'lng': 98.1167883}, 'viewport': {'northeast': {'lat': 3.551144029892722, 'lng': 98.11812262989272}, 'southwest': {'lat': 3.548444370107278, 'lng': 98.11542297010729}}}",Penginapan & hotel sinar accomodation,"[{'height': 810, 'html_attributions': ['<a href=""https://maps.google.com/maps/contrib/114517964735095349987"">A Google User</a>'], 'photo_reference': 'AUGGfZm2RH8pqfAj0vIY-9dhgalDVkwjVbvwfDnjdflodhVEZDwxRdPQ2KihVq8l0zUXqaMoGE1mTHLHsY2mhr7eemRktD_YCVolTtf3_WZeZ5eN9lI7_d5LJsifKh0CvQaM6sqhc80a20iAFDmqimXpN9TmmRgnmuAmqAoiON1iMx7e9NoI', 'width': 1080}]",ChIJX35ZpP63MDAR44zdAZqzkNg,5.0,"['lodging', 'point_of_interest', 'establishment']",3
"3C3C+FGR, Jl. Tano Tombangan, Purbatua, Kec. Tano Tombang Angkola, Kabupaten Tapanuli Selatan, Sumatera Utara 22774, Indonesia","{'location': {'lat': 1.0536986, 'lng': 99.4211607}, 'viewport': {'northeast': {'lat': 1.055069129892722, 'lng': 99.42242692989272}, 'southwest': {'lat': 1.052369470107278, 'lng': 99.41972727010729}}}","Gereja Pentakosta, Jemaat Desa Purba Tua Resort Tantom Angkola","[{'height': 3096, 'html_attributions': ['<a href=""https://maps.google.com/maps/contrib/114855464929538718996"">Samson Nainggolan</a>'], 'photo_reference': 'AUGGfZlzmBtwgxpdRcBWpFt0JvShg5R8Q7uJ5Qwp3n-CQis-JuO1SwKzZSvr1p0iZjP_OFCjtQVWugE2JJhpCDizZiVroWjaDT9InydT0FLb51tHcZmhP6iz5oatkX8ubvzmfgmOyV-_pXnGSPjX15s_zso7RjPPwlJzf7cCGjP5zvUU7HD_', 'width': 5504}]",ChIJpYzGdYXxKzARKgwABjXLQ64,5.0,"['church', 'place_of_worship', 'point_of_interest', 'establishment']",1
"Jl. Raya Lintas Utama Sumatera, Silaiya Jae, Kec. Sayur Matinggi, Kabupaten Tapanuli Selatan, Sumatera Utara 22774, Indonesia","{'location': {'lat': 1.1572288, 'lng': 99.417783}, 'viewport': {'northeast': {'lat': 1.158592729892722, 'lng': 99.41914232989272}, 'southwest': {'lat': 1.155893070107278, 'lng': 99.41644267010727}}}",PENGINAPAN AEK SIJORNI,"[{'height': 576, 'html_attributions': ['<a href=""https://maps.google.com/maps/contrib/101071532573299371747"">A Google User</a>'], 'photo_reference': 'AUGGfZkpqBBinlqgqkjQO664J6ig-QauLEXUTeBW7MTCmhKkmyobgiDNFhnLnmj1NWhLBDRE2ZqxTIgZ9moDdIKa6oVLORjbBcAJaqY43B3Axb7W-hxUU337aAvFxqcQyMXbMX0ROeqzeNpct16xjoy_JcdRF-jPaNWLfmOskKei4jcPCNoO', 'width': 1280}]",ChIJ3bFGKkL3KzARDg2YWQ7ZoKE,4.2,"['campground', 'park', 'lodging', 'point_of_interest', 'establishment']",13
