formatted_address,geometry,name,photos,place_id,rating,types,user_ratings_total
"JGQM+FFW, Banjar, Banjar City, West Java 46311, Indonesia","{'location': {'lat': -7.3613369, 'lng': 108.5336777}, 'viewport': {'northeast': {'lat': -7.360068220107278, 'lng': 108.5349497298927}, 'southwest': {'lat': -7.362767879892722, 'lng': 108.5322500701073}}}",Pusdai Kota Banjar,"[{'height': 3468, 'html_attributions': ['<a href=""https://maps.google.com/maps/contrib/108979763391260723876"">cepi sutanto</a>'], 'photo_reference': 'AUGGfZkCOyaDHqjfOnT29oTNDxAKS003IfdfC5BCrqco3UahoOlCK8IRj_MTWGtmQJAA4hMjVNLpXH7rnc5Stf_2RvHxZ_b7IHnvDnz6MNVht_LKbU0wTOrJhqFtysmlp1OI2yWPDisiZ7pw_n0XXU8C3xfsNAaRlEsTih7d5nHQgoSDbY-K', 'width': 4624}]",ChIJP1qoRyNiby4Rn7F5XXMAAcw,4.3,"['mosque', 'tourist_attraction', 'place_of_worship', 'point_of_interest', 'establishment']",294.0
"H9V3+G9H, Banjar, Jibhi, Himachal Pradesh 175123, India","{'location': {'lat': 31.5938051, 'lng': 77.3534713}, 'viewport': {'northeast': {'lat': 31.59509997989273, 'lng': 77.35438647989271}, 'southwest': {'lat': 31.59240032010728, 'lng': 77.35168682010728}}}",Banjar,"[{'height': 2604, 'html_attributions': ['<a href=""https://maps.google.com/maps/contrib/109102626861714688637"">susobhan karmakar</a>'], 'photo_reference': 'AUGGfZntzTAOUTezZo2DKtyE0OXeA3W86qQf15tnJUdVIKqJf4Egr6yht6aqpokR_wQl-M-RT1rwKotjTy8bQgWhEtWHwvEBWOE10Vl5jtX42UKNN-EKlCc8gznw_CMWbyqTBSuzXFtb9uIv_XkFA3YLHYlrUs2DZgeSNxLRGgM15-NCPyNB', 'width': 4624}]",ChIJ92xgXtKvBTkRD5Volz-e4uc,4.7,"['tourist_attraction', 'point_of_interest', 'establishment']",15.0
"JG2G+WC4, Binangun, Pataruman, Banjar City, West Java 46316, Indonesia","{'location': {'lat': -7.397740600000001, 'lng': 108.5260716}, 'viewport': {'northeast': {'lat': -7.396391070107279, 'lng': 108.5274113798927}, 'southwest': {'lat': -7.399090729892722, 'lng': 108.5247117201073}}}",Mount Pajamben hill Nature,"[{'height': 3120, 'html_attributions': ['<a href=""https://maps.google.com/maps/contrib/102876281695361795666"">A Google User</a>'], 'photo_reference': 'AUGGfZlU9TVVtLumsnAMfNu5mH66mL-_aYT-nZqgI4nfdq31dsut9rjP8PmxeghDBcdikU2qwitTthIo-eqJ5RbVd2uXlQhPdzCb1wp3-T8ZJv2eu2VGu_rNcvgLThqXQ00RPgp1ePxHn7eyfJXL8mkrZxVMz9s2a5MrNnekyq1Oay8uzIjk', 'width': 4160}]",ChIJg1MHc_eJZS4Rm0UofiJCz-Q,4.1,"['tourist_attraction', 'point_of_interest', 'establishment']",97.0
"JGJR+5JC, Banjar, Purwaharja, Banjar City, West Java 46311, Indonesia","{'location': {'lat': -7.369565300000001, 'lng': 108.5415004}, 'viewport': {'northeast': {'lat': -7.368215470107277, 'lng': 108.5428502298927}, 'southwest': {'lat': -7.370915129892721, 'lng': 108.5401505701073}}}",Alun-Alun Kota Banjar,"[{'height': 720, 'html_attributions': ['<a href=""https://maps.google.com/maps/contrib/101883354487450378203"">Deden Ramdani</a>'], 'photo_reference': 'AUGGfZk71CzT0rDXkZ_4AyoHyjKh2AvUK5GASVp2X6mr3sLl0p-GTP_uv4hYGiR27RZbUfr9OUjJZeE4l0Yz2C-pMT4KrJSaettddcH5mpkMTp1YpKOR1uWjt0c588IVNyX8V9anRpGLT-Sawd448pagNN7DzyiXpoZYPbNKtGDP4IM0tWgh', 'width': 1280}]",ChIJg2VqDRRiby4RgFWvjPCazCU,4.4,"['tourist_attraction', 'park', 'point_of_interest', 'establishment']",6465.0
"JGWH+V34, Mekarmukti, Cisaga, Ciamis Regency, West Java 46386, Indonesia","{'location': {'lat': -7.3528558, 'lng': 108.5276984}, 'viewport': {'northeast': {'lat': -7.351483070107277, 'lng': 108.5290732798927}, 'southwest': {'lat': -7.354182729892721, 'lng': 108.5263736201073}}}",Kota Banjar Patroman,"[{'height': 368, 'html_attributions': ['<a href=""https://maps.google.com/maps/contrib/106531529614689681285"">Desyrahmawaty Fatimah</a>'], 'photo_reference': 'AUGGfZlUF8DFhm7HkdkrTNRTzBldFNazWoZO6ZUmxVOPg_-t4IlMGcMlxXdEp_yFX-ZHCcbwo4ff2_0kbZ3PgWSB-C9SUZdBAmC8VwSg7ZsTd2ECgqhNrSyhzNnU68DaoRT6Kyevgwd6k5Q1-gJphqguK0BjwoFTUQUZ8o7ZOI0xxlnXZKMh', 'width': 602}]",ChIJOckWitJjby4RoUYXHvK1qw4,4.6,"['tourist_attraction', 'point_of_interest', 'establishment']",170.0
"JFRH+JV9, Jajawar, Banjar, Banjar City, West Java 46313, Indonesia","{'location': {'lat': -7.358469100000001, 'lng': 108.4797489}, 'viewport': {'northeast': {'lat': -7.357116920107278, 'lng': 108.4811492298927}, 'southwest': {'lat': -7.359816579892722, 'lng': 108.4784495701073}}}",Wahana Ulin Kabapa,"[{'height': 960, 'html_attributions': ['<a href=""https://maps.google.com/maps/contrib/103697605165666846962"">dikdik nursidik</a>'], 'photo_reference': 'AUGGfZkGbtqXGU3bhqG9cdd4P4y4X_Va2cjW1L2XztiQz3QllBQ0_r4jQekbKM5_AMHGporWOf6AGobfFl_j1qQipxYvTJL7oz6cOkpc2HXmnchLK4d_jKFJq5G9txxs4HHe0FIWaKohn9sbm1aVkKKqyRK0QFwqkySx2WBcjd2Q6jIvCFCX', 'width': 1280}]",ChIJ9eQk-GZhby4RAdQVzEtxXrc,4.5,"['tourist_attraction', 'point_of_interest', 'establishment']",52.0
"Pataruman, Banjar City, West Java 46323, Indonesia","{'location': {'lat': -7.381588499999999, 'lng': 108.5578759}, 'viewport': {'northeast': {'lat': -7.380245620107278, 'lng': 108.5592262298927}, 'southwest': {'lat': -7.382945279892722, 'lng': 108.5565265701073}}}",Tepas Konci,"[{'height': 4608, 'html_attributions': ['<a href=""https://maps.google.com/maps/contrib/102915796126442327189"">Andi Rusdiyanto Agus Salim</a>'], 'photo_reference': 'AUGGfZm-IUJ91ZbhnmCJ8VJf0QY-JFEuojZAcXQn-2ny-5WqJlg8RPkk0RFIOWhXlO5vYktATy4a2qmQPFcH4E3Y2bZzvz3j39WXw7QfzcFjBJ717kpCyE2wpcT0CwKk_4YSzWHSktxKEUnU1jRrE_JfxaGibqYW-rr3JpFefzlsp5hUM8-V', 'width': 3456}]",ChIJ_4wtvdVjby4Rp6PlR9UdRCQ,4.5,"['tourist_attraction', 'point_of_interest', 'establishment']",28.0
"HGW4+QW9, Unnamed Road, Neglasari, Kec. Banjar, Kota Banjar, Jawa Barat 46382, Indonesia","{'location': {'lat': -7.403081999999999, 'lng': 108.5073686}, 'viewport': {'northeast': {'lat': -7.401734620107277, 'lng': 108.5086972798927}, 'southwest': {'lat': -7.404434279892721, 'lng': 108.5059976201073}}}",Batas Ciamis Kota Banjar,"[{'height': 1080, 'html_attributions': ['<a href=""https://maps.google.com/maps/contrib/100225318926410469311"">A Google User</a>'], 'photo_reference': 'AUGGfZlQv2Iu7bJxuHfrKsehbyNwy7wmmwepPJZkT_MzmD36hUDG0mGebRVqrcQlmvpZioyjI_AXNgUFChtjUe-jO4XU35tGYUYZH6oPIQ3bmXilKLIfJvIObhxxQidYLO1y7-QuloUXiOjq7VvYyET7jtjB1N35jVMfIshrTlDUKfdTIVL4', 'width': 1920}]",ChIJPZiZ1GGLZS4ROgp1bFuvPDc,5.0,"['tourist_attraction', 'point_of_interest', 'establishment']",1.0
"MH43+VFG, Jl. Pulo Majeti, Purwaharja, Kec. Purwaharja, Kota Banjar, Jawa Barat 46331, Indonesia","{'location': {'lat': -7.342803199999999, 'lng': 108.5537132}, 'viewport': {'northeast': {'lat': -7.341471620107278, 'lng': 108.5550910798927}, 'southwest': {'lat': -7.344171279892722, 'lng': 108.5523914201073}}}",Pulo Majeti Heritage Site,"[{'height': 3120, 'html_attributions': ['<a href=""https://maps.google.com/maps/contrib/113650750196307200610"">A Google User</a>'], 'photo_reference': 'AUGGfZnB9uS4REASVY-yQts-d8d1TuhfarrMmv2cdZ5p52wwbyEGTTj1AHUTZ0Dl0QVo4bMRursjFLPDLBiig--WTwPUvsf2DTEBV0qHpwRJtJxmKro8ZpLOVa9sF15T8XUuJo083I6TdHol0Z-vJMLmHP51mj51uySiwFt-1B2OPi76PfSF', 'width': 4160}]",ChIJJeOlQLNjby4R3Bb1n2wZdgw,4.4,"['tourist_attraction', 'point_of_interest', 'establishment']",103.0
"JG2G+867, Binangun, Pataruman, Banjar City, West Java, Indonesia","{'location': {'lat': -7.399214499999999, 'lng': 108.525539}, 'viewport': {'northeast': {'lat': -7.397685220107279, 'lng': 108.5268936298927}, 'southwest': {'lat': -7.400384879892723, 'lng': 108.5241939701073}}}",Pajamben Valley,,ChIJI0dNlU2JZS4RBwCIDxN3uF4,5.0,"['tourist_attraction', 'point_of_interest', 'establishment']",1.0
"Dusun priagung, Binangun, Pataruman, Banjar City, West Java 46316, Indonesia","{'location': {'lat': -7.3980625, 'lng': 108.5171875}, 'viewport': {'northeast': {'lat': -7.396689070107277, 'lng': 108.5185464798927}, 'southwest': {'lat': -7.399388729892721, 'lng': 108.5158468201073}}}",PANIISAN CIJATI CAFEE,"[{'height': 3000, 'html_attributions': ['<a href=""https://maps.google.com/maps/contrib/108890728379085891749"">Muhammad Imron</a>'], 'photo_reference': 'AUGGfZkkW5NAKTOseLAPdAnbydELryNeoNhnD9jnF1lxe6SDQGo7iDkp4IutIvP4WJe-mQ-z3zcn2ASaJqbL4TXstbf2lYC0baRY5obOsagZHq_ZDRh1Q37P_KjlcY2mRz27V77tFtcAv5p_C2cOqDRZ3GNPyovUs-6ShYwnvUWSsJSkKT92', 'width': 4000}]",ChIJ7whlvlWLZS4R4aJY35Hp3Xs,4.2,"['tourist_attraction', 'point_of_interest', 'establishment']",6.0
"JGCM+MQX, Banjar, Banjar City, West Java, Indonesia","{'location': {'lat': -7.3782606, 'lng': 108.5344924}, 'viewport': {'northeast': {'lat': -7.376925270107278, 'lng': 108.5358501298927}, 'southwest': {'lat': -7.379624929892722, 'lng': 108.5331504701073}}}",PEMANCINGAN GALATAMA TELAGA SALSABILA,"[{'height': 720, 'html_attributions': ['<a href=""https://maps.google.com/maps/contrib/115544831366697358821"">A Google User</a>'], 'photo_reference': 'AUGGfZn3J5ITpEH5OJLyyXtFvTx-xpwF6LnawqrSgQRvVIfsi2xm0ar9xf7q5l_qtatMmTGxwVX7TZMf-FhkSP5eadWtfJLsUp_aA5TnTc8gvTj1g73ntDf77p9sTCQWcEtCOs-r1cTUYpjPkf6PrqEa5GQjpwf1e8a_zCo_pFrKBcug_ObA', 'width': 1280}]",ChIJZ2wvzgJjby4Rye2foolzD0o,4.9,"['tourist_attraction', 'point_of_interest', 'establishment']",15.0
"Cibeureum, Banjar, Banjar City, West Java 46313, Indonesia","{'location': {'lat': -7.367252000000001, 'lng': 108.4792152}, 'viewport': {'northeast': {'lat': -7.365899520107278, 'lng': 108.4805952798927}, 'southwest': {'lat': -7.368599179892722, 'lng': 108.4778956201073}}}",Situ Leutik,"[{'height': 2268, 'html_attributions': ['<a href=""https://maps.google.com/maps/contrib/112321393037895165277"">Andry Abdillah</a>'], 'photo_reference': 'AUGGfZnGK9ZqqFHaD3_q7Q_mm-ELneH8F1u-H6pGY0npD0o1wjjrN2kJGMA87GmVEYhHyjNx7UTXWbulYEmvPCE4Yik7zNX1ic0vWJmZY8zrEvvcE4SNZNiApAfqKo4KBkkacIajICzGsD1lODO-U207kWYFoXCRTVlaQezToKM0KhEgKOjg', 'width': 4032}]",ChIJPUiRrclhby4RrgUwdeWNP4E,4.2,"['tourist_attraction', 'point_of_interest', 'establishment']",401.0
"JGQW+394, Karangpanimbal, Purwaharja, Banjar City, West Java 46332, Indonesia","{'location': {'lat': -7.362365800000001, 'lng': 108.5459425}, 'viewport': {'northeast': {'lat': -7.361071670107278, 'lng': 108.5472676798927}, 'southwest': {'lat': -7.363771329892722, 'lng': 108.5445680201073}}}",Wana Wisata Situ Mustika,"[{'height': 6000, 'html_attributions': ['<a href=""https://maps.google.com/maps/contrib/106107298334543729089"">A Google User</a>'], 'photo_reference': 'AUGGfZkRZuopo6ogTAj4zWaqVUWTL-bkz5mpsXzmdQLoQ9Aa9i2p2IypSb4_cOQN7enrmrwQWvKQMfYuOwO_heaL96SFGmZYdOf7iLPJtF5MrnwsaBH7vUvoGwDh26FEra6fryThpmYA74vW4WykamvgqNbWcWwwrJ-xZVyXiDrLjFNbkhA', 'width': 8000}]",ChIJqbIqgj9iby4RIgXQ7IVm60s,4.1,"['tourist_attraction', 'amusement_park', 'point_of_interest', 'establishment']",1018.0
"JFRQ+726, Jl. Jawara, Cibeureum, Kec. Banjar, Kota Banjar, Jawa Barat 46313, Indonesia","{'location': {'lat': -7.359326299999998, 'lng': 108.4875239}, 'viewport': {'northeast': {'lat': -7.357985320107278, 'lng': 108.4888600298927}, 'southwest': {'lat': -7.360684979892722, 'lng': 108.4861603701073}}}",Wahana Pendidikan Kebudayaan Sunda (Lokasi project),"[{'height': 3120, 'html_attributions': ['<a href=""https://maps.google.com/maps/contrib/108417388254240591042"">A Google User</a>'], 'photo_reference': 'AUGGfZmTGXXIL2FGOPQw1K4kYXpHi8trcXhxuI6HTW-M6t6uDbMPJdspWc97lvq8IHhuNyxkZ7BooqezJ5gSBAXSnAFt_h8VphQm0-Ll0Hx_rOoUYbEL5Lv4rpPwx0rl5yfXNnQqJh588rrZI0qNTgwpBB-q6vENIdyzZfud8vN4Mue8Z597', 'width': 4160}]",ChIJ1UhbBqVhby4R3nITiXLv1EI,4.0,"['tourist_attraction', 'point_of_interest', 'establishment']",3.0
"JG2G+JC5, Jl. Langkaplancar - Lakbok, Binangun, Kec. Pataruman, Kota Banjar, Jawa Barat 46316, Indonesia","{'location': {'lat': -7.398496099999999, 'lng': 108.5261045}, 'viewport': {'northeast': {'lat': -7.397146870107276, 'lng': 108.5274332798927}, 'southwest': {'lat': -7.39984652989272, 'lng': 108.5247336201073}}}",Obyek Wisata Lembah Pajamben,"[{'height': 3000, 'html_attributions': ['<a href=""https://maps.google.com/maps/contrib/105709728845946543182"">Tono Warisman</a>'], 'photo_reference': 'AUGGfZnWhbxBGQ0oFQyX4oPPweGdnzSC20C9DA8yriExsMNyXLYyVxYRyHVi_9ndVqHaNu1gBKb5TPNUiFYu8p-hBixDkaMSO9qm7aNzNuehmnWkUetJdK4rQbmnA3ummxrQR8TZ4NM5wIJjRCD0zOHaAxytf9ZlZI3vmXSgnYCUfJEKJInZ', 'width': 4000}]",ChIJQ_VY4JOJZS4RAxCBqwLA2rk,4.1,"['tourist_attraction', 'point_of_interest', 'establishment']",73.0
"JGC4+FJ4, Jl. Padati, Neglasari, Kec. Banjar, Kota Banjar, Jawa Barat 46315, Indonesia","{'location': {'lat': -7.3788754, 'lng': 108.505826}, 'viewport': {'northeast': {'lat': -7.377503370107278, 'lng': 108.5071018798927}, 'southwest': {'lat': -7.380203029892722, 'lng': 108.5044022201073}}}",Pemancingan bawal abah padati,"[{'height': 3456, 'html_attributions': ['<a href=""https://maps.google.com/maps/contrib/100108520681370856530"">A Google User</a>'], 'photo_reference': 'AUGGfZmujFFhHNrL6PlQpSXXzgxI1LDFKF2wQonkNZFkcvDkMfFbnN6D47KABmMz5ttti46fkt46PY-D1zH_y2PE-CCcOJeSB8hVWyI_XKJ2gyqbjOzWvpCvMEUDfL5m7L4oQ6-xzi8br7Wn6wyCd6MApXCkZd7FsLHuCUEasI2XCA4J9rIm', 'width': 4608}]",ChIJdUT8althby4R0iIMDeFB0ng,5.0,"['tourist_attraction', 'point_of_interest', 'establishment']",2.0
"Unnamed Road, Neglasari, Kec. Banjar, Kota Banjar, Jawa Barat 46315, Indonesia","{'location': {'lat': -7.391882499999999, 'lng': 108.5027049}, 'viewport': {'northeast': {'lat': -7.390358570107279, 'lng': 108.5040882798927}, 'southwest': {'lat': -7.393058229892723, 'lng': 108.5013886201073}}}",Saung Balong Putri Kembar - Bantarpeundeuy,"[{'height': 1080, 'html_attributions': ['<a href=""https://maps.google.com/maps/contrib/115848397232114428720"">A Google User</a>'], 'photo_reference': 'AUGGfZmHcig_XqZ75zvnvQhjsc92FuGLJLcoju8rpTnqh4tgsXvuDbiKJSxQclWvhs7TCGK4P96Uwr5erEswSur2frk224k3yt3xaLTchn6g1dGdHcALThV3SbyGyRwuJcDMXWjlte7_vEDQIcb4Cp6qZC0ZKnnfERO9MnABvjZPdyWLOVvM', 'width': 1920}]",ChIJ0RRQoQWLZS4RE6Xvh4kTXnM,5.0,"['tourist_attraction', 'point_of_interest', 'establishment']",5.0
"JHGP+9V2, Mulyasari, Pataruman, Banjar City, West Java 46335, Indonesia","{'location': {'lat': -7.373794800000001, 'lng': 108.5869496}, 'viewport': {'northeast': {'lat': -7.372437420107277, 'lng': 108.5883192798927}, 'southwest': {'lat': -7.37513707989272, 'lng': 108.5856196201073}}}",Panyingkuran,"[{'height': 1200, 'html_attributions': ['<a href=""https://maps.google.com/maps/contrib/115904643811467090493"">nana supriatna</a>'], 'photo_reference': 'AUGGfZnG_Osf1pFRUGv4thTRJD8h69H-QDJOzWeMn0TGrgUEPMIVQ-ICGETzzjQfXUnr7Nus28dnKgwDQjRJWyt9EOgO3Uzt40EFEhndAJh_YHpyedFlHFsY92fp5ok9BgfnuLjosc8EnpvbQO5vpvRo9V43F-0wL93LXNgEvoFk9I_dM9IM', 'width': 1600}]",ChIJvVch8xZjby4RHe3L4e9Ky2c,5.0,"['tourist_attraction', 'point_of_interest', 'establishment']",1.0
"JFFX+3M, Neglasari, Banjar, Banjar City, West Java, Indonesia","{'location': {'lat': -7.377305599999999, 'lng': 108.4992449}, 'viewport': {'northeast': {'lat': -7.374272749999999, 'lng': 108.50010165}, 'southwest': {'lat': -7.378316550000001, 'lng': 108.49667465}}}",Cipancur mata air,,ChIJUSuEJwBhby4RHs2o7VhwKHU,0.0,"['tourist_attraction', 'point_of_interest', 'establishment']",0.0
"JGR7+QG8, Balokang, Banjar, Banjar City, West Java 46312, Indonesia","{'location': {'lat': -7.358099600000001, 'lng': 108.513819}, 'viewport': {'northeast': {'lat': -7.357278300000003, 'lng': 108.5150675798927}, 'southwest': {'lat': -7.360563499999995, 'lng': 108.5123679201073}}}",Lapak jambu,"[{'height': 1920, 'html_attributions': ['<a href=""https://maps.google.com/maps/contrib/115581776399429001450"">tatun purnamasidi</a>'], 'photo_reference': 'AUGGfZlcl8_4zv4_9XR1iEbaV6lOAOg0Yu0-3xQbKgTqkb63bbPObPTB7wWQni_9DjaLFd-GBK_N-hvlLL-J7VQAFgE-SvTiWsJogy1koLYfWRpmJUJy6X991xgCLes9dNvifOqWKv3Fn0iY_SzZ-mZR2K1T4WKkA8BnvudX7kz8aPeIccY2', 'width': 1080}]",ChIJe9KoFbVhby4RiOhRnUypEx0,0.0,"['tourist_attraction', 'point_of_interest', 'establishment']",0.0
"JHJ9+HFJ, Pataruman, Banjar City, West Java, Indonesia","{'location': {'lat': -7.368543799999999, 'lng': 108.5686316}, 'viewport': {'northeast': {'lat': -7.367296420107277, 'lng': 108.5699495298927}, 'southwest': {'lat': -7.36999607989272, 'lng': 108.5672498701073}}}",Pemancingan irigasi kongkur kalo hujan ngga kabur,,ChIJUYGIeABjby4RNuq-LtiIrvM,0.0,"['tourist_attraction', 'point_of_interest', 'establishment']",0.0
"JGMG+6R9, Danau, Banjar, Kec. Banjar, Kota Banjar, Jawa Barat 46311, Indonesia","{'location': {'lat': -7.366958800000001, 'lng': 108.5271158}, 'viewport': {'northeast': {'lat': -7.365459770107276, 'lng': 108.5285068298927}, 'southwest': {'lat': -7.36815942989272, 'lng': 108.5258071701073}}}",Danau Banjar,,ChIJhQpXBlljby4RBENlQSemFP8,0.0,"['tourist_attraction', 'point_of_interest', 'establishment']",0.0
"JG49+9P7, Binangun, Pataruman, Banjar City, West Java 46316, Indonesia","{'location': {'lat': -7.393937299999999, 'lng': 108.5185584}, 'viewport': {'northeast': {'lat': -7.392760770107278, 'lng': 108.5195515798927}, 'southwest': {'lat': -7.395460429892721, 'lng': 108.5168519201073}}}",GOODTRUST CAMP.,"[{'height': 4128, 'html_attributions': ['<a href=""https://maps.google.com/maps/contrib/117788291022816569286"">Ibnu Faisal</a>'], 'photo_reference': 'AUGGfZnmHIoR0CQu9LllxX1dYdjnssn3CnbyPZh3q12AlVZQwSwFaEfOkA5SOhZRQ2nlMU4_CM8eRh8W6cUPDJoX5NfJ1T5Mst6h-n7H7ZQoibHa9WG8cUvYXw02iOggjBsuj95PXWaoLlcwttdqSHylvBaz7ro-gtMXqHDFWZWlSN2kPdkI', 'width': 2322}]",ChIJz1HOqvqLZS4RO9KL89lkKWQ,0.0,"['tourist_attraction', 'point_of_interest', 'establishment']",0.0
"Jl. Siliwangi No.KM 4, Randengan, Raharja, Kec. Purwaharja, Kota Banjar, Jawa Barat 46333, Indonesia","{'location': {'lat': -7.357856000000001, 'lng': 108.5733091}, 'viewport': {'northeast': {'lat': -7.356337020107278, 'lng': 108.5746026298927}, 'southwest': {'lat': -7.359036679892722, 'lng': 108.5719029701073}}}",Kebun Wisata Jeruk dan Pepaya,"[{'height': 4000, 'html_attributions': ['<a href=""https://maps.google.com/maps/contrib/102726925195872403401"">A Google User</a>'], 'photo_reference': 'AUGGfZmLvHfrCrzHbVReHGqaFRdeqad1hUrIbe00q9M7aw6w_8rGXygvC3BeVf8VJCeOfcjnkEOW4w5iOFo_cXT5eYj0oR84lJLJ0hwFIrjb03eHelHsN05AIivyZCnjkzsfFhdQI_ANkHHhwuqoHveb54v0LVqs2prQEOf9DHdaJJtdyNej', 'width': 3000}]",ChIJgerr3Vhjby4RkBXrf8Iqv_Q,5.0,"['tourist_attraction', 'point_of_interest', 'establishment']",2.0
"JGCM+RRF, Mekarsari, Banjar, Banjar City, West Java 46321, Indonesia","{'location': {'lat': -7.3779444, 'lng': 108.5345471}, 'viewport': {'northeast': {'lat': -7.376485970107279, 'lng': 108.5359260298927}, 'southwest': {'lat': -7.379185629892723, 'lng': 108.5332263701073}}}",Galatama Resto Salsabila,,ChIJx4QStttjby4Rh84BRv1O5JA,1.0,"['tourist_attraction', 'point_of_interest', 'establishment']",1.0
"JG54+9J, Neglasari, Banjar, Banjar City, West Java 46315, Indonesia","{'location': {'lat': -7.3916126, 'lng': 108.5066139}, 'viewport': {'northeast': {'lat': -7.389920570107277, 'lng': 108.5084032798927}, 'southwest': {'lat': -7.392620229892721, 'lng': 108.5057036201073}}}",CURUG Chibaku Tensei,"[{'height': 2592, 'html_attributions': ['<a href=""https://maps.google.com/maps/contrib/106952511515484054393"">A Google User</a>'], 'photo_reference': 'AUGGfZn3vuOZe5DRRdizqmu1gTRCNBSrAMmh0__cD7wVYViEIqPCNIW6y9V9v3n6jorUZbT2xrPfXurLrFwtEY03ScMuI40JJlfdQ05X0OXQ5mGC4luPiAgpgfvZkbHknoB0Cqnr0Mxa8l3lhynhr5peZtFfr6CyG85xn565uNzuJBZl6_Oa', 'width': 1944}]",ChIJQZ-jMgmLZS4R_bE95uuL9aQ,0.0,"['tourist_attraction', 'point_of_interest', 'establishment']",0.0
"JG4G+Q9M, Binangun, Pataruman, Banjar City, West Java, Indonesia","{'location': {'lat': -7.3930276, 'lng': 108.5259224}, 'viewport': {'northeast': {'lat': -7.38988195, 'lng': 108.5279166298927}, 'southwest': {'lat': -7.394076149999999, 'lng': 108.5252169701073}}}",Camping ground lembah pajamben,,ChIJUVfhR7SJZS4RzbMepQKsCb0,0.0,"['tourist_attraction', 'point_of_interest', 'establishment']",0.0
"JHM7+X85, Pataruman, Banjar City, West Java 46323, Indonesia","{'location': {'lat': -7.364714299999999, 'lng': 108.5622868}, 'viewport': {'northeast': {'lat': -7.363388170107279, 'lng': 108.5636956798927}, 'southwest': {'lat': -7.366087829892723, 'lng': 108.5609960201073}}}",Tanggul Dobo,,ChIJqwmLieVjby4RPAN8aqzO6_s,5.0,"['tourist_attraction', 'point_of_interest', 'establishment']",1.0
"JG48+MR2, Binangun, Pataruman, Banjar City, West Java 46316, Indonesia","{'location': {'lat': -7.393357099999998, 'lng': 108.5170101}, 'viewport': {'northeast': {'lat': -7.391938270107278, 'lng': 108.5185355798927}, 'southwest': {'lat': -7.394637929892721, 'lng': 108.5158359201073}}}",CURUG CIPANE,"[{'height': 1836, 'html_attributions': ['<a href=""https://maps.google.com/maps/contrib/118031708672162073717"">Yuni Aqwaliah</a>'], 'photo_reference': 'AUGGfZnd92vMWfN-ix8GoVzBJVRR4f1yzX58P9a9_XPybqqPoES0Tt243tYbInsgP3dwDciBE3R-vr8Zkpym01V6bZmCnhUoZQGrDfxE7AYTp34vtyqROBT2ME5N8mYMo4Mrm-2iHXa769FB5xbCxE3-Wi0rnIAvjZG3zZKZiI-dEmMYfi4z', 'width': 3264}]",ChIJBSixlsuLZS4R88ef_dCET8Y,4.2,"['tourist_attraction', 'point_of_interest', 'establishment']",5.0
"JH23+6R3, Sukamukti, Pataruman, Banjar City, West Java, Indonesia","{'location': {'lat': -7.399482399999998, 'lng': 108.5545605}, 'viewport': {'northeast': {'lat': -7.398241670107278, 'lng': 108.5558647798927}, 'southwest': {'lat': -7.400941329892722, 'lng': 108.5531651201073}}}",Wisata Batu Peti,"[{'height': 1200, 'html_attributions': ['<a href=""https://maps.google.com/maps/contrib/106160036790651831540"">A Google User</a>'], 'photo_reference': 'AUGGfZnTj_HqtNTWB37NrCUMpt6QGVEbDg4IWUww5GbHTz3tCnok3GFIEx11mYcNlIbvzsGwx2U-A1TMzI7gQVotmtlJ7_EoOu4d2OAXpALScDHI6yWNX_30kBlxfQxv1cGscJASgnUSiKsgGE2iyImk89d65otHCPeKjVY5D9_p3Lh0v5W4', 'width': 1599}]",ChIJ3-tn-xeJZS4RTtWgLNAFiQw,4.7,"['tourist_attraction', 'point_of_interest', 'establishment']",7.0
"JH44+Q2, Hegarsari, Pataruman, Banjar City, West Java, Indonesia","{'location': {'lat': -7.393009999999999, 'lng': 108.5551149}, 'viewport': {'northeast': {'lat': -7.390272799999999, 'lng': 108.5557934298927}, 'southwest': {'lat': -7.3939224, 'lng': 108.5530937701073}}}",Embung gunung sangkur,,ChIJ1znWamuJZS4R105n81bmzlA,0.0,"['tourist_attraction', 'point_of_interest', 'establishment']",0.0
"MH76+J72, Jl. Bebedahan, Purwaharja, Kec. Purwaharja, Kota Banjar, Jawa Barat 46331, Indonesia","{'location': {'lat': -7.335999800000001, 'lng': 108.5606326}, 'viewport': {'northeast': {'lat': -7.334677970107276, 'lng': 108.5619679298927}, 'southwest': {'lat': -7.33737762989272, 'lng': 108.5592682701073}}}",Omah Qulo,"[{'height': 1280, 'html_attributions': ['<a href=""https://maps.google.com/maps/contrib/114327122273555677031"">Ghani Hidayat</a>'], 'photo_reference': 'AUGGfZk2QVJ77Tivu0LX_CsYpBY6erpAEsilhfnRTd3VHNbzUgeAnwLqA4B1dyHF8CQ2T-Bx_qVJRAZKgmOVEqoJR9_bnhSW3W1eIRjMTKkUqjM99d5jbijyToHgrVvng3TTvp4tC5j9NHrKVynvC5NiFxLBHhFkS0wGTXhBYspjf75RCkb5', 'width': 720}]",ChIJx_okk8Bjby4RWJAKx09KdEQ,5.0,"['tourist_attraction', 'point_of_interest', 'establishment']",2.0
"HHQ2+WH, Sukamukti, Pataruman, Banjar City, West Java 46326, Indonesia","{'location': {'lat': -7.410186299999999, 'lng': 108.5514018}, 'viewport': {'northeast': {'lat': -7.407966900000001, 'lng': 108.5529401798927}, 'southwest': {'lat': -7.410926099999996, 'lng': 108.5502405201073}}}",Curug panganten,,ChIJ3QFV4wmJZS4Rtg3OH7P7BUQ,4.7,"['tourist_attraction', 'point_of_interest', 'establishment']",3.0
"Dusun sampih No.02/08, Rejasari, Kec. Langensari, Kota Banjar, Jawa Barat, Indonesia","{'location': {'lat': -7.3789021, 'lng': 108.6216635}, 'viewport': {'northeast': {'lat': -7.377672270107278, 'lng': 108.6230411798927}, 'southwest': {'lat': -7.380371929892722, 'lng': 108.6203415201073}}}",HOME FAMILY,,ChIJi76vlHh9by4RPAmJXdd9F1M,5.0,"['tourist_attraction', 'point_of_interest', 'establishment']",1.0
"JG29+55J, Binangun, Pataruman, Banjar City, West Java 46316, Indonesia","{'location': {'lat': -7.3995394, 'lng': 108.5179033}, 'viewport': {'northeast': {'lat': -7.398230720107278, 'lng': 108.5192608798927}, 'southwest': {'lat': -7.400930379892722, 'lng': 108.5165612201073}}}",Kebun durian pak Usep,"[{'height': 1920, 'html_attributions': ['<a href=""https://maps.google.com/maps/contrib/117410806695306634999"">A Google User</a>'], 'photo_reference': 'AUGGfZlIGag86xyPhEgGAwFQsBiJ_wt3Kb5RCDWr0JZFb6P9eDQ7z0hGbNFLAJ-YyLsUx1tsCWcPgb2VmGqPDTrn9fuGSp8rDIefySWNIuBgTwWix1fYDJsLJ-VLCnwrwEfuYZ3In5UxcA9K9yf1zu-336PwvPQMZb8nPD84i5dGe_5az7-T', 'width': 1080}]",ChIJC5uw1PqLZS4RkeaR2QJTOU4,5.0,"['tourist_attraction', 'point_of_interest', 'establishment']",1.0
"Jl. Raya Langensari, Bojongkantong, Kec. Langensari, Kota Banjar, Jawa Barat 46324, Indonesia","{'location': {'lat': -7.381225499999999, 'lng': 108.6081404}, 'viewport': {'northeast': {'lat': -7.379699120107277, 'lng': 108.6094120798927}, 'southwest': {'lat': -7.38239877989272, 'lng': 108.6067124201073}}}",Kebun durian JAIS JAYA,"[{'height': 3096, 'html_attributions': ['<a href=""https://maps.google.com/maps/contrib/110409785006673748881"">A Google User</a>'], 'photo_reference': 'AUGGfZkAw_sqgb28UBlm6IgIUA5gC82BSbXa8_JTqrUWSaSouM8u2cAsU_kpeXuP1u4kSGPb7suTqZUJzFH6xtPBqoOWHeF3AxuBaVVwq2jvat3DmwAsB9V9ugJoavpHVA1Noqo6BoJ4_kJtXql7HBlszkKT0UvyLZYN57WtBNLxKE7x6YVx', 'width': 4128}]",ChIJ12WxFldjby4RKuEtf_cJMho,0.0,"['tourist_attraction', 'point_of_interest', 'establishment']",0.0
"HHW5+QV9, Unnamed Road, Batulawang, Kec. Pataruman, Kota Banjar, Jawa Barat 46326, Indonesia","{'location': {'lat': -7.403086600000001, 'lng': 108.5597444}, 'viewport': {'northeast': {'lat': -7.401738220107278, 'lng': 108.5610928798927}, 'southwest': {'lat': -7.404437879892722, 'lng': 108.5583932201073}}}",Taman Pagerbatu,"[{'height': 3120, 'html_attributions': ['<a href=""https://maps.google.com/maps/contrib/107087723704514420071"">Wisnu Hari Nugraha Bintoro</a>'], 'photo_reference': 'AUGGfZk4lG4Qqngo73NcTslrAfH7Ff59e_G_xfhE9kwyg8C48YfDDndyTiqdcP310PuiOS2OIIQpnpNUq5Qn8uzF9aXxtU4pPP34EoBi8pVY_8p2irg9qVRjCv5HNrqQ2RwwQo17ZQiuenru_b_R_N9nUcjdFj-Gwck43nKi3T1wV3b6mXaW', 'width': 4160}]",ChIJtXk0XsiJZS4RfKLRA2IDF1k,4.5,"['tourist_attraction', 'park', 'point_of_interest', 'establishment']",63.0
"JH2P+88G, Karyamukti, Pataruman, Banjar City, West Java, Indonesia","{'location': {'lat': -7.399187, 'lng': 108.5858286}, 'viewport': {'northeast': {'lat': -7.397886670107277, 'lng': 108.5871980298927}, 'southwest': {'lat': -7.400586329892721, 'lng': 108.5844983701073}}}",GUNUNG BATU,,ChIJFzGegPeJZS4R8MdaDuo0trI,0.0,"['tourist_attraction', 'point_of_interest', 'establishment']",0.0
"Jl. Ciamis - Banjar No.1, Karangkamulyan, Kec. Cijeungjing, Kabupaten Ciamis, Jawa Barat 46211, Indonesia","{'location': {'lat': -7.347281499999999, 'lng': 108.488979}, 'viewport': {'northeast': {'lat': -7.345889970107278, 'lng': 108.4903023298927}, 'southwest': {'lat': -7.348589629892722, 'lng': 108.4876026701073}}}",KAWASAN WAJIB BASURI,,ChIJ1zlwNwhhby4R9k-lKJqDTZs,0.0,"['tourist_attraction', 'point_of_interest', 'establishment']",0.0
"MF3Q+3M8, Jl. Ciamis - Banjar, Karangkamulyan, Kec. Cijeungjing, Kabupaten Ciamis, Jawa Barat 46271, Indonesia","{'location': {'lat': -7.3473275, 'lng': 108.489208}, 'viewport': {'northeast': {'lat': -7.345869120107277, 'lng': 108.4904796298927}, 'southwest': {'lat': -7.348568779892721, 'lng': 108.4877799701073}}}",Wisata Alam Ciung Wanara,"[{'height': 689, 'html_attributions': ['<a href=""https://maps.google.com/maps/contrib/108896390343564833529"">cah manggung</a>'], 'photo_reference': 'AUGGfZlaljOiOr3dg4H9EPt0N-xqO6R8imSTzOBPpkG56ycpJYyyzqPBx8N9mag5WClZFJGifp2env7ePjoNFLrz0jDvG0YiLH-_i3kk96VzbYsU4TcNC7Morn1Q7FTnzkLOlUmDDVgSy4ypXQtQQJu86_5PKFKRc5MN7PXg-vewjz0ybIcw', 'width': 1250}]",ChIJP-WPqYBhby4Rc2EhRcbCtNI,4.4,"['tourist_attraction', 'park', 'point_of_interest', 'establishment']",6921.0
"JGPQ+QGH, Banjar, Banjar City, West Java 46311, Indonesia","{'location': {'lat': -7.363071, 'lng': 108.5388527}, 'viewport': {'northeast': {'lat': -7.361738370107277, 'lng': 108.5402428798927}, 'southwest': {'lat': -7.364438029892721, 'lng': 108.5375432201073}}}",Kontrakan Ibu Haji Ijah,,ChIJNzd_Z69jby4RAXSBpF2Z1tc,0.0,"['campground', 'lodging', 'park', 'point_of_interest', 'establishment']",0.0
"JGJP+M2C depan taman kota lapang bhkti, Jl. Mayjen Didi Kartasasmita, Banjar, Kec. Banjar, Kota Banjar, Jawa Barat 46311, Indonesia","{'location': {'lat': -7.368316399999999, 'lng': 108.535}, 'viewport': {'northeast': {'lat': -7.366941270107279, 'lng': 108.5360287298927}, 'southwest': {'lat': -7.369640929892722, 'lng': 108.5333290701073}}}",Lapang Bhakti City Park,"[{'height': 4128, 'html_attributions': ['<a href=""https://maps.google.com/maps/contrib/104513919868511950800"">punya Agung</a>'], 'photo_reference': 'AUGGfZk6VS7WFtuhKNWGBL6nXnahvM4ZHsADhY6EPkPWRD-BWEAHiTE9gAE4XTbDR5AHdpq9r_PbJuciToe8xHv85QZNRz_pA_WAJukD-O_z-_i6Fw4H7YW-yzs7w490tRN9AysEFp17EFH6nVw4TrXygy3jIciCMuBN6HFMCfNf934svu8y', 'width': 3096}]",ChIJEXu94Btiby4RjitSBxXcfco,4.3,"['park', 'point_of_interest', 'establishment']",407.0
"JJ8C+H73, Bojongkantong, Langensari, Banjar City, West Java 46325, Indonesia","{'location': {'lat': -7.3836066, 'lng': 108.6208092}, 'viewport': {'northeast': {'lat': -7.382250320107278, 'lng': 108.6223059798927}, 'southwest': {'lat': -7.384949979892722, 'lng': 108.6196063201073}}}",Sagaran farm,,ChIJYbv_OQCHZS4R8VLGSnj1t5E,0.0,"['tourist_attraction', 'point_of_interest', 'establishment']",0.0
"JJHM+PR4, Muktisari, Langensari, Banjar City, West Java 46324, Indonesia","{'location': {'lat': -7.3715058, 'lng': 108.6339156}, 'viewport': {'northeast': {'lat': -7.370159720107277, 'lng': 108.6352321298927}, 'southwest': {'lat': -7.372859379892721, 'lng': 108.6325324701073}}}",Pemancingan Barham,,ChIJwcWkxfJ9by4R_fnzRmL8bKc,0.0,"['tourist_attraction', 'point_of_interest', 'establishment']",0.0
"JJ77+QR4, Bojongkantong, Langensari, Banjar City, West Java 46325, Indonesia","{'location': {'lat': -7.385711799999998, 'lng': 108.6145604}, 'viewport': {'northeast': {'lat': -7.384393770107277, 'lng': 108.6158853298927}, 'southwest': {'lat': -7.387093429892721, 'lng': 108.6131856701073}}}",Melon Hidroponik,"[{'height': 1800, 'html_attributions': ['<a href=""https://maps.google.com/maps/contrib/116045813446186760188"">Elan Lana</a>'], 'photo_reference': 'AUGGfZkAEjrJpCs9HoIw6F4x7N3jQlNzAYcwRu67GX9U9e0KoT4Tc9At6Fqtdd-qZcdS76ykg9JwneSyJ1N6IJEbeyHP_sVw9D3nf9G1vKMzBLc7D3bf_8X6tc_S_qC7-uQk59pne1-cyFbcj4XH_FJo1GaxRNiLX4rLJkcfwuHmD1IiCzdX', 'width': 4000}]",ChIJr-cAnVWJZS4RZBDmCQ83pRQ,5.0,"['tourist_attraction', 'point_of_interest', 'establishment']",4.0
"JJ49+44V, Jl raya, sagaran, Puloerang, Langensari, Banjar City, West Java, Indonesia","{'location': {'lat': -7.394662799999999, 'lng': 108.6178433}, 'viewport': {'northeast': {'lat': -7.393304770107277, 'lng': 108.6192222298927}, 'southwest': {'lat': -7.396004429892721, 'lng': 108.6165225701073}}}",arta GT,,ChIJbbfi3rSHZS4RJ3HdWSWAtJI,0.0,"['tourist_attraction', 'point_of_interest', 'establishment']",0.0
"Langensari, Banjar City, West Java 46324, Indonesia","{'location': {'lat': -7.358622999999999, 'lng': 108.6391103}, 'viewport': {'northeast': {'lat': -7.357099170107277, 'lng': 108.6404051798927}, 'southwest': {'lat': -7.359798829892721, 'lng': 108.6377055201073}}}",Alun-Alun Langensari,"[{'height': 1876, 'html_attributions': ['<a href=""https://maps.google.com/maps/contrib/109822823370793232399"">A Google User</a>'], 'photo_reference': 'AUGGfZncT5oNShEzY3B8ZIWhR41VDXiRJ0cfHrjW20nAobnHl_opyiDByesH9OCJXOSioy25foP82J8jKkYWJPtnREypungo30e_t035pwBJhM5XjwinwQN9EB9xtDU9ODpMniJJg1vnk3ASlY2a3U789eUJdEdGi4CIHc7UP-yOusCxjtM', 'width': 3071}]",ChIJPwp1c399by4RxoJDxWNVxEk,4.3,"['park', 'point_of_interest', 'establishment']",2669.0
"JJGC+586, Jl. Raya Banjar - Sidaharja, Rejasari, Kec. Langensari, Kota Banjar, Jawa Barat 46344, Indonesia","{'location': {'lat': -7.374594399999999, 'lng': 108.6207781}, 'viewport': {'northeast': {'lat': -7.373219220107279, 'lng': 108.6221182298927}, 'southwest': {'lat': -7.375918879892723, 'lng': 108.6194185701073}}}",Panorama Rejasari - Langensari,"[{'height': 3120, 'html_attributions': ['<a href=""https://maps.google.com/maps/contrib/106422428047114140503"">Lastri tri</a>'], 'photo_reference': 'AUGGfZkezZ4Hg4mBFXvXXN5OMMlU6Hk47guY7oJ3VB0vxUWRFAk_XqHY_aVMGdeGg7Mtja8JqO0Efk3annJEHOlwLenbibYiQghkUxTEdeNAIUm8kwpMpyRFp3zPjfBjnk-5Qx-3clm-ULaUQsM60LH_TAnDLKmF96LcI7_sDtkgNILetCyq', 'width': 4160}]",ChIJjQ8Rq1N9by4R6axyD7TeXgQ,4.6,"['point_of_interest', 'establishment']",47.0
"MH3V+X3, Area Sawah / Kebun, Panulisan Tim., Kec. Dayeuhluhur, Kabupaten Cilacap, Jawa Tengah, Indonesia","{'location': {'lat': -7.345081800000001, 'lng': 108.5926514}, 'viewport': {'northeast': {'lat': -7.343731970107279, 'lng': 108.5940012298927}, 'southwest': {'lat': -7.346431629892723, 'lng': 108.5913015701073}}}",Lapak mancing citanduy pangereban,"[{'height': 2448, 'html_attributions': ['<a href=""https://maps.google.com/maps/contrib/101849324565117808706"">A Google User</a>'], 'photo_reference': 'AUGGfZmN54eJnCUkrrsTa9lsscmyyDI8ZJlKAMszi_xpnCr75hqtzF2LoekikGKo1hL2iOyqFCpIv5dJuiy3C4Ijaa8nIfuy_W5eP_bvr_WXcas-7iIFB-N0poI6a4659XesZ-j0k7zelrqqWT8cHGwbOteNzErBANuTiUgmiomPH_DRqQQa', 'width': 3264}]",ChIJg8b9nOJjby4R1njMqIuCn3E,0.0,"['tourist_attraction', 'point_of_interest', 'establishment']",0.0
"4FP3+J9Q, Unnamed Road, Randobawagirang, Kec. Mandirancan, Kabupaten Kuningan, Jawa Barat 45558, Indonesia","{'location': {'lat': -6.8634134, 'lng': 108.4534689}, 'viewport': {'northeast': {'lat': -6.862069420107278, 'lng': 108.4548293798927}, 'southwest': {'lat': -6.864769079892722, 'lng': 108.4521297201073}}}","Lambosir hill, Travel Camping Sites","[{'height': 1152, 'html_attributions': ['<a href=""https://maps.google.com/maps/contrib/111806126604281250334"">Franky Tasno</a>'], 'photo_reference': 'AUGGfZle1hqfNHaHrOzDBb4yuwdvmDXK6JZAozMuNqRPTDTvYuw7umiF0v7PUEygXHnbg4HxDOCZM-v945F5B3QOniXoOhi0dBGpswSdcBbmIwCJ1JaiSsexwBOeVhOdJ2-gptmruFnO9eQuQVSztY51LqD0KlOr5a_gkljbBaEWtZJNMeuv', 'width': 2048}]",ChIJHdP1tUIYby4R7qlJQpEtsow,4.4,"['tourist_attraction', 'point_of_interest', 'establishment']",123.0
"Randobawagirang, Mandirancan, Kuningan Regency, West Java 45558, Indonesia","{'location': {'lat': -6.847695, 'lng': 108.4712181}, 'viewport': {'northeast': {'lat': -6.846362920107278, 'lng': 108.4725413298927}, 'southwest': {'lat': -6.849062579892721, 'lng': 108.4698416701073}}}",Objek Wisata Teras Cibulakan,"[{'height': 2604, 'html_attributions': ['<a href=""https://maps.google.com/maps/contrib/111726600376128399349"">Yayan Ruhyana</a>'], 'photo_reference': 'AUGGfZkANtvMPOuuCLxHS2NYeElv0cqUHQrPSYeTsJYO2XLnbhVZJyAySvC9y35cKNdhKgoFJI5kvrtlfCaqSb1h5tWAn9ds0szHlSyp7OQv-5Y4ELZdH_Qlk5GOu38WK8OAZD7u4q_A5RT3T3WWlZaLq3q6-z7ubkaDrSi-WNjYDpWWdHvd', 'width': 4624}]",ChIJvZotL1MZby4RbW9TaVX9yFY,4.5,"['tourist_attraction', 'point_of_interest', 'establishment']",699.0
"Desa, Trijaya, Kec. Mandirancan, Kabupaten Kuningan, Jawa Barat 45556, Indonesia","{'location': {'lat': -6.8445601, 'lng': 108.4622777}, 'viewport': {'northeast': {'lat': -6.843250070107278, 'lng': 108.4637426798927}, 'southwest': {'lat': -6.845949729892722, 'lng': 108.4610430201073}}}",Buper Huludayeh Trijaya,"[{'height': 3000, 'html_attributions': ['<a href=""https://maps.google.com/maps/contrib/105456526802061098677"">A Google User</a>'], 'photo_reference': 'AUGGfZlkgT937VZJ0hJpj2bio_BdMLlNp_g3TTtqMDPQYdo9hAgIEe3QapxoBtG6iC8uUOeBK3PMu1Gri0B6MeOS4wzMOMyf7dBU0bLO7TDIXlTJA-BI_e0XL_SQ_rLAaP4Z1TVn58YyfLgZEbZxMJbgxPgCaWZJwss4gwU94p2L93DlwaR3', 'width': 4000}]",ChIJgcONH_AYby4Rikvhb1jKWXU,4.4,"['tourist_attraction', 'park', 'point_of_interest', 'establishment']",1244.0
"5F46+XMH, Trijaya, Mandirancan, Kuningan Regency, West Java, Indonesia","{'location': {'lat': -6.842564400000001, 'lng': 108.4617302}, 'viewport': {'northeast': {'lat': -6.841163570107278, 'lng': 108.4635514798927}, 'southwest': {'lat': -6.843863229892722, 'lng': 108.4608518201073}}}",Bumi perkemahan trijaya kuningan jawabarat,"[{'height': 900, 'html_attributions': ['<a href=""https://maps.google.com/maps/contrib/116935504199683925969"">A Google User</a>'], 'photo_reference': 'AUGGfZnqD47ejI0y9D2jx8-NbhxDRq98DmXB3e4Vv9cS5k9DgPuymWjVakxixO-BU5HAmjDab8AlstWylHALktXrSviicOY9fbZ-gEiWDhbta2mrcBhi4Px0GFcfTdYbNyfZg-9ti3Jd6AwhkXrzgqM4sYq8Qh0ht_-bB0x8Cz1W2qte7Klw', 'width': 720}]",ChIJh-JXuO0Zby4RtmVuOrY3eh4,5.0,"['tourist_attraction', 'point_of_interest', 'establishment']",3.0
"5F46+5VP, Trijaya, Mandirancan, Kuningan Regency, West Java, Indonesia","{'location': {'lat': -6.8445255, 'lng': 108.4621979}, 'viewport': {'northeast': {'lat': -6.843232770107279, 'lng': 108.4637027798927}, 'southwest': {'lat': -6.845932429892723, 'lng': 108.4610031201073}}}",JASA FOTO HULDAY TRIJAYA,"[{'height': 6000, 'html_attributions': ['<a href=""https://maps.google.com/maps/contrib/112345190293026236513"">Rizky Maulana</a>'], 'photo_reference': 'AUGGfZk-oW0thqaCwj2g9sca-pjvDgERCFuYVvfTBY6Hj0rWDyc6hCyAX35AOKZnb8pk73EgVQlu4pnRhrZ89NHtbC4BSe5SGullky7qv5jnQMTRYAYfxbPHb0P7wOsrEEhzuen_oPYNcgme10LMC7_bUlCjzQNzUjh67MCuQx_dOkvJ8mJG', 'width': 4800}]",ChIJS-aZC8MZby4RjILAL9gcydA,5.0,"['tourist_attraction', 'point_of_interest', 'establishment']",2.0
"5FG3+5C, Seda, Mandirancan, Kuningan Regency, West Java, Indonesia","{'location': {'lat': -6.8245625, 'lng': 108.4535591}, 'viewport': {'northeast': {'lat': -6.823035620107278, 'lng': 108.4543859}, 'southwest': {'lat': -6.825735279892722, 'lng': 108.4510787}}}","Desa Sukasari, Kecamatan Mandirancan, Kabupaten Kuningan, Provinsi Jawa Barat",,ChIJb0_v9B0Zby4RsET3BHVDsRs,0.0,"['tourist_attraction', 'point_of_interest', 'establishment']",0.0
"5F7G+Q2X, Randobawailir, Mandirancan, Kuningan Regency, West Java 45558, Indonesia","{'location': {'lat': -6.8355144, 'lng': 108.4750964}, 'viewport': {'northeast': {'lat': -6.833730570107278, 'lng': 108.4769978298927}, 'southwest': {'lat': -6.836430229892722, 'lng': 108.4742981701073}}}",Curug Hawu,"[{'height': 2340, 'html_attributions': ['<a href=""https://maps.google.com/maps/contrib/114260177559919778704"">Andi Suwwandana</a>'], 'photo_reference': 'AUGGfZnZVmn5pH_pza2bBJ7NaJbED1fF3QMvoqhKVKez9DJK8IYqsZaI5XW6H0CiHhItNke9MyurDkgIc9Do-i2qyT1cFnjbf-tETb10PhLcpBtZJeJIkYcbVNPEEjwonr4T8IoEPWKAaYuIN3K3rdTdYKscnZF74TXttfxPYV6Om9PBWsMP', 'width': 4160}]",ChIJF9Z81R8Zby4R0V26BDk08vo,4.3,"['tourist_attraction', 'point_of_interest', 'establishment']",79.0
"5FG3+5C, Sukasari, Mandirancan, Kuningan Regency, West Java, Indonesia","{'location': {'lat': -6.824603499999999, 'lng': 108.4535544}, 'viewport': {'northeast': {'lat': -6.823056120107278, 'lng': 108.45437885}, 'southwest': {'lat': -6.825755779892722, 'lng': 108.45108105}}}",Situ Cipojok,"[{'height': 1200, 'html_attributions': ['<a href=""https://maps.google.com/maps/contrib/111018082394516390439"">A Google User</a>'], 'photo_reference': 'AUGGfZm8mwM-nDex_ELuTZ-acEJqGbxWruuzfXyoCA3tyiwHE2e5g9Bm_KeVuDtnhf8GAUyEsfJ5fyGP3ZxeQfNDBSAgwkB0IOY-6-r92C6RaOChiDsFSJvqHGCRBUppxyXj_1e23Bzhx8ie72d6eddAhsIo5Ee5AtLz4MwEXAN2Ndin44RL', 'width': 1600}]",ChIJ2RXsxRwZby4RELjf3Bk36m4,0.0,"['tourist_attraction', 'point_of_interest', 'establishment']",0.0
"2CXJ+GMP, Jalan Taman Nasional Gunung Ciremai Mandirancan, Puncak, Kec. Cigugur, Kabupaten Kuningan, Jawa Barat 45558, Indonesia","{'location': {'lat': -6.9511607, 'lng': 108.4316948}, 'viewport': {'northeast': {'lat': -6.949610920107278, 'lng': 108.4332601798927}, 'southwest': {'lat': -6.952310579892722, 'lng': 108.4305605201073}}}",Tenjo Laut,"[{'height': 2448, 'html_attributions': ['<a href=""https://maps.google.com/maps/contrib/103615235390374746425"">Farhan Fajar Imani</a>'], 'photo_reference': 'AUGGfZnO8I4bSi03R8Pox5Zko47VYGB5z731pss7ZDlitfmk7vwbalg3GXs_SEf4Eq-dHG7lDW9to-O8VE0ShHSJyqk80CXXQRPWqC-_z-PogABYBk5MIQUXucUZBusndgy_VXjbmQl1tDMkV3LgZ2MOtL-w7_byeAaegSKiHEx_4TMSdgtN', 'width': 3264}]",ChIJN3VyRIM9by4Rau3eD7B4Fw8,4.5,"['tourist_attraction', 'point_of_interest', 'establishment']",398.0
"5F85+RG3, Jl. Seda, Seda, Kec. Mandirancan, Kabupaten Kuningan, Jawa Barat 45558, Indonesia","{'location': {'lat': -6.8329342, 'lng': 108.4587556}, 'viewport': {'northeast': {'lat': -6.831589320107278, 'lng': 108.4601123298927}, 'southwest': {'lat': -6.834288979892722, 'lng': 108.4574126701073}}}",Statsiun Penelitian Flora dan Fauna Bintangot Taman Nasional Gunung Ciremai,"[{'height': 3120, 'html_attributions': ['<a href=""https://maps.google.com/maps/contrib/106801181109166082181"">Kevin Adrian</a>'], 'photo_reference': 'AUGGfZm6HW4Ck6DRfgeA9q67Bi15yeVYfeM4yIn0X53jyC7ylUBoLdFpyniBfrTYl0P_FJf9vUn7rzXEx5Du7kLuh72gEDdn6bLsgoewHeQdgBb_3ZIoYGWMSsWBtgeqSshqiyQkrSzR7DqZ-suCz5le5ijWTG4UIYlBz5TogotMFXpc41EY', 'width': 4160}]",ChIJbaq6TfwZby4RBsS2iKKGSSQ,4.8,"['tourist_attraction', 'point_of_interest', 'establishment']",9.0
"5F6C+7HG, Randobawailir, Mandirancan, Kuningan Regency, West Java 45558, Indonesia","{'location': {'lat': -6.8393184, 'lng': 108.4714575}, 'viewport': {'northeast': {'lat': -6.838004820107278, 'lng': 108.4728289298927}, 'southwest': {'lat': -6.840704479892722, 'lng': 108.4701292701073}}}",Obyek Wisata Gunung Hayu,"[{'height': 3072, 'html_attributions': ['<a href=""https://maps.google.com/maps/contrib/100469456207893981912"">Anand Koesnan</a>'], 'photo_reference': 'AUGGfZkElFTcCixBO3hmRvbsP74Jp3NEOtI96gWgAhnC5NE735_H-uhw7_WNL_YVzQHpBMnjoailfw9NZnzT32YvITdir7FDq_TIkAjZZ7aj6alTOJYp5nzk4rvncw4zK7hdoVlPRZodfHphR3Tmen8DEFZ0fwRxGVsPJiwRAu_FCmHisSHF', 'width': 4096}]",ChIJ49O1yOMYby4RATmLLrkZvnE,4.5,"['tourist_attraction', 'point_of_interest', 'establishment']",49.0
"MJ9Q+CQH, Jl. Raya Banjar-Majenang, Area Hutan & Sawah, Madura, Kec. Wanareja, Kabupaten Cilacap, Jawa Tengah 53265, Indonesia","{'location': {'lat': -7.331734699999998, 'lng': 108.6396558}, 'viewport': {'northeast': {'lat': -7.330004170107276, 'lng': 108.6410171798927}, 'southwest': {'lat': -7.33270382989272, 'lng': 108.6383175201073}}}",Darmaga Sunda,"[{'height': 2250, 'html_attributions': ['<a href=""https://maps.google.com/maps/contrib/104706597779825803744"">A Google User</a>'], 'photo_reference': 'AUGGfZmyInosbnb61p5GdrvuzKNWCpvfOK7Nau0DnJLGc3zke5WtdcUmoRHSuZy-QUMGEuk5aikEYKb6wIbKfIo3cmfmXkJK_xRoyOcZ3A8FJ--JT0wyOgxwzjY_KhkMVKX_OcL5g-RDZ2_XQ9G-NL-VdrV-OoKI2FqHfhiIgEwMmi8FuwM', 'width': 4000}]",ChIJ8wky44d9by4RSsc2M3BpD7Q,5.0,"['tourist_attraction', 'point_of_interest', 'establishment']",3.0
"5FV6+838 Warung tugu macan, Cirea, Kec. Mandirancan, Kabupaten Kuningan, Jawa Barat 45559, Indonesia","{'location': {'lat': -6.8064801, 'lng': 108.4603834}, 'viewport': {'northeast': {'lat': -6.805134420107279, 'lng': 108.4617298798927}, 'southwest': {'lat': -6.807834079892723, 'lng': 108.4590302201073}}}",Tugu Macan,"[{'height': 2400, 'html_attributions': ['<a href=""https://maps.google.com/maps/contrib/107730413450384403556"">Bambang Gentolet</a>'], 'photo_reference': 'AUGGfZm2SFvrfklK0eTnAYRyKh7Q4hycIm9l0aOoE7hROp5Q3YzyOvsSUTLsfXqlWKRvVcPsphr6FIRYWjzyiB6rZXsWb1LUwaQvQi5jkE5O7vaiI-Nmu1mVnOgDvX-SZw65YcUMgTDkHOsOCxgP_vD4SrLzy3gO7lUKKxz2qlQkynuXLAI1', 'width': 3200}]",ChIJRZQXpzEfby4RpkmG0M-jvWc,4.4,"['tourist_attraction', 'point_of_interest', 'establishment']",387.0
"MF3Q+4F5, National Rte 3, Karangkamulyan, Cijeungjing, Ciamis Regency, West Java 46271, Indonesia","{'location': {'lat': -7.3472367, 'lng': 108.4887487}, 'viewport': {'northeast': {'lat': -7.34591192010728, 'lng': 108.4901144798927}, 'southwest': {'lat': -7.348611579892724, 'lng': 108.4874148201073}}}",Situs Karangkamulyan ᮞᮤᮒᮥᮞ᮪ ᮊᮛᮀᮊᮙᮥᮜᮡᮔ᮪,"[{'height': 2592, 'html_attributions': ['<a href=""https://maps.google.com/maps/contrib/107974674279221378942"">Nunung A. Gani</a>'], 'photo_reference': 'AUGGfZmkgWhv3q0-3U3_Au8GE-b3E5cDGCpSAXXa4d2vactX3y7VUUdtpdGCSvKM4ASXd4tin9hisjLx6fIKPQ1lMRJZRr7ZUSo1bkNzAN9zWhR7TtBAfC59EGDEB_5f1zKktKXSyn6pr0s64JFALDy3drL36d-MYJXT8P5c_mQi3OJSjWXr', 'width': 3456}]",ChIJq6qqqp9hby4Rsxw3TVvCg50,4.3,"['tourist_attraction', 'point_of_interest', 'establishment']",149.0
"MJ9Q+HJ4, Area Hutan & Sawah, Madura, Kec. Wanareja, Kabupaten Cilacap, Jawa Tengah, Indonesia","{'location': {'lat': -7.331123900000001, 'lng': 108.6390644}, 'viewport': {'northeast': {'lat': -7.329690870107279, 'lng': 108.6404145298927}, 'southwest': {'lat': -7.332390529892723, 'lng': 108.6377148701073}}}",Rest Area Talaga Sunda,"[{'height': 3120, 'html_attributions': ['<a href=""https://maps.google.com/maps/contrib/103474856544406763207"">yatma adi</a>'], 'photo_reference': 'AUGGfZllNe3VRbb8cZATeCeZg6uzYxuHl1CHG9GHicfLDFV4VFF4sNhHA3JkATwIvaAGVzRSFh2iXU6C7dtD4cUahRzxcmWZKc3wp9MwPYaWBTYd3nFp6Qld8TBNW3L5Z7qzDRjxuflibPlzW-LxSg_xWH_v8r9Zyub_41rmEd7VgpKrRLxj', 'width': 4160}]",ChIJ1b3ue599by4RtEjegQvKtLY,4.8,"['tourist_attraction', 'point_of_interest', 'establishment']",29.0
"Sindangasih, Pataruman, Ciamis Regency, West Java, Indonesia","{'location': {'lat': -7.4165417, 'lng': 108.576562}, 'viewport': {'northeast': {'lat': -7.415161070107277, 'lng': 108.5779178798927}, 'southwest': {'lat': -7.417860729892721, 'lng': 108.5752182201073}}}",Putra Galuh Farm,"[{'height': 1600, 'html_attributions': ['<a href=""https://maps.google.com/maps/contrib/105101436405683828607"">A Google User</a>'], 'photo_reference': 'AUGGfZkJ4m5JaKgn_DeLG045P-0vl3IxmuyOts14-NbZTP4UzS89Z34U3EBw6P0VH5epWIsXMpXvsHo0k_AjbdrlU3B0mBxSGfaF1itVgOjbfksNun8A8ZT7f2N262JrWTj5CeqdKhlUC3_kxfKJfdiblYZp_Ln_qHqT1XjaIK4JF0rBmHdW', 'width': 1200}]",ChIJczbXnbqJZS4Rzasi1C0-kD8,5.0,"['tourist_attraction', 'point_of_interest', 'establishment']",9.0
"Jl. Taman Nasional Gn. Ciremai, Randobawagirang, Kec. Mandirancan, Kabupaten Kuningan, Jawa Barat 45558, Indonesia","{'location': {'lat': -6.844634699999999, 'lng': 108.4751958}, 'viewport': {'northeast': {'lat': -6.843292420107278, 'lng': 108.4765434298927}, 'southwest': {'lat': -6.845992079892722, 'lng': 108.4738437701073}}}",PONDOK CILEGA,"[{'height': 1836, 'html_attributions': ['<a href=""https://maps.google.com/maps/contrib/112372055371084690598"">Fajar Nahari</a>'], 'photo_reference': 'AUGGfZmv1RoQ6a1xEtqeyn1CVDOJUBHt7yKyt1A2TRUx9T6EqSzGnSR4b_KGVyHF5QzK7IeHueiV_sFukzbBGCfj2AKyuNqvPK5dYKtKajHmPK6Z07XIQq2rF0rNQ-Os2EmA1f5imPVcE1S30XTKuO3NfSIXFCyjedpl3KByYz106dNxukqn', 'width': 4080}]",ChIJsZO0nB0Zby4RJUW58qpqGko,4.6,"['tourist_attraction', 'cafe', 'lodging', 'food', 'point_of_interest', 'establishment']",298.0
"PFFP+8VH, Bunter, Sukadana, Ciamis Regency, West Java, Indonesia","{'location': {'lat': -7.276697299999999, 'lng': 108.487248}, 'viewport': {'northeast': {'lat': -7.275208920107278, 'lng': 108.48867465}, 'southwest': {'lat': -7.277908579892722, 'lng': 108.48296805}}}",Persawahan Cikondang,"[{'height': 1920, 'html_attributions': ['<a href=""https://maps.google.com/maps/contrib/108734696032434023752"">Yaya User</a>'], 'photo_reference': 'AUGGfZkTMxFcf2a8AfEz6gOuCZ7Jgq4PiYBC6RRjMQ0c4A_qXtensL5GPfnAKFVBn7NyQ3U93Gpuboe1ouPEsE49Rt7YP3j2jGxxGbhCUobfydrsfKlM9muzmV2mn0e9Q4av_0unmWZ4alcDe8evIqMDLd6yM1SfJj_O9VbpOgnBnqtwh3vz', 'width': 1080}]",ChIJ1zmagflnby4ROgkWqEbxs-8,3.0,"['tourist_attraction', 'point_of_interest', 'establishment']",2.0
"JFQ5+MV, Karangkamulyan, Cijeungjing, Ciamis Regency, West Java, Indonesia","{'location': {'lat': -7.360799599999999, 'lng': 108.4597208}, 'viewport': {'northeast': {'lat': -7.360012670107279, 'lng': 108.4610706298927}, 'southwest': {'lat': -7.362712329892723, 'lng': 108.4583709701073}}}","Pangalaan Kesik, Panyingkiran","[{'height': 2250, 'html_attributions': ['<a href=""https://maps.google.com/maps/contrib/105040334395142534173"">Danial Rizalludin</a>'], 'photo_reference': 'AUGGfZnw9QBB8m5rYbVeiO_sBYPyjoH7VgR5T-nn9Drkslc7cD4TqW6anbeYt10WgTzUwkGD3EL1HeWIXy8IRskM4S6C3rDIcXCFfRDO4gLEWp5toSDBl9wxz5rS7p_1g7vc7ysANzFylSw_v6mY3Z4j7XU_QuwqFIb1wXa4VQCRtUgzjRED', 'width': 4000}]",ChIJP7OXzu9hby4RgVutw4hiFrA,0.0,"['tourist_attraction', 'point_of_interest', 'establishment']",0.0
"MFXR+787, Bunter, Sukadana, Ciamis Regency, West Java, Indonesia","{'location': {'lat': -7.3018435, 'lng': 108.4908096}, 'viewport': {'northeast': {'lat': -7.300514020107278, 'lng': 108.4920597798927}, 'southwest': {'lat': -7.303213679892722, 'lng': 108.4893601201073}}}",Bendungan Cikelebut,,ChIJN_9MWQBnby4R9xgmp9vWVZQ,0.0,"['tourist_attraction', 'point_of_interest', 'establishment']",0.0
"5CW5+25C, Padabeunghar, Pasawahan, Kuningan Regency, West Java 45559, Indonesia","{'location': {'lat': -6.804928599999999, 'lng': 108.4078989}, 'viewport': {'northeast': {'lat': -6.803549770107278, 'lng': 108.4092487298927}, 'southwest': {'lat': -6.806249429892723, 'lng': 108.4065490701073}}}",Batu Luhur,"[{'height': 2340, 'html_attributions': ['<a href=""https://maps.google.com/maps/contrib/110112144886501944863"">pisca cura</a>'], 'photo_reference': 'AUGGfZmA_LN8zqrDUYegMKIG_ezsx1XBknhuMFE8XVn5nPtFeFj1_AAeu3y8_ql8iGTUNl-XlCiyPr41bacmRLpH7KHWYbEHWWbL2w-CVlDm6Ju4pg7_q-13R8RtdNP0ki2Whr3OqsRPIMaj0Ij3p61SgkJY5Xt3QEfK00GPkaFgbRlIKTiW', 'width': 4160}]",ChIJ7wx_iO0hby4RHplMdMqRphI,4.3,"['tourist_attraction', 'point_of_interest', 'establishment']",776.0
"Wangunjaya, Cisaga, Ciamis Regency, West Java 46386, Indonesia","{'location': {'lat': -7.326018400000001, 'lng': 108.5439482}, 'viewport': {'northeast': {'lat': -7.324678420107278, 'lng': 108.5452850798927}, 'southwest': {'lat': -7.327378079892722, 'lng': 108.5425854201073}}}",Rest Area Saung jangkung,"[{'height': 1000, 'html_attributions': ['<a href=""https://maps.google.com/maps/contrib/104900082048609488119"">yusman cisaga</a>'], 'photo_reference': 'AUGGfZlwv416rJC7gTOkcTKa-vdlxsRpxrYRP8WIvZACTFQgziiKc-f7hLj88IvrEuxcHzq03UAYGXscVn9uFAtwMKNBWlDcb4lriYuX-sskR1StUEHBLFoRd9s7uTtoWLFn-Pi1fMuUd8w5FEiEsBexy2g0ViiAa87gtpa1VANsIYEvFqge', 'width': 469}]",ChIJ_QJUplhjby4RKqqudYvLUDE,3.8,"['tourist_attraction', 'point_of_interest', 'establishment']",14.0
"MF2W+HH7, Karangkamulyan, Cijeungjing, Ciamis Regency, West Java 46271, Indonesia","{'location': {'lat': -7.348577299999999, 'lng': 108.4964272}, 'viewport': {'northeast': {'lat': -7.347277949999999, 'lng': 108.49760805}, 'southwest': {'lat': -7.352475349999999, 'lng': 108.49288465}}}",Patimuan,"[{'height': 3840, 'html_attributions': ['<a href=""https://maps.google.com/maps/contrib/113490619692424465484"">hendra wae</a>'], 'photo_reference': 'AUGGfZlIwv8ur0wWqVtrP2JmIQ5C4oQmG6DR0kpxxp5JhLqFKvigbXz2GmHKwuUXExRM-0Uyi-t1jywcMmRQChFWWWAeH3bYCEmvwGBOCFRaAE8c8-fiz-cKzShjNH_oeSyHCvDFH2i7PHeVN2_T8vJVqEKNsziCysjjmZILE84ZIyYn-9tz', 'width': 2160}]",ChIJHR4xzrNhby4R4o5Itpq6TiQ,4.4,"['tourist_attraction', 'point_of_interest', 'establishment']",16.0
"Cipicung Tengah, Madusari, Wanareja, Cilacap Regency, Central Java, Indonesia","{'location': {'lat': -7.3072798, 'lng': 108.6355936}, 'viewport': {'northeast': {'lat': -7.305880670107278, 'lng': 108.6368400798927}, 'southwest': {'lat': -7.308580329892722, 'lng': 108.6341404201073}}}",Cafe Cibaranty,"[{'height': 2604, 'html_attributions': ['<a href=""https://maps.google.com/maps/contrib/118247151603983650569"">A Google User</a>'], 'photo_reference': 'AUGGfZnggBy5FSmLadoJLUgZzjvOWSzD0eVSFe-d7n2m95plR5gJ-07InHh4FFzOema1rrHu1l1q1_Oed1vdfxvT89ZfWLVLkFAMhpHjKNvZc8Q0DJ1cxxhea2Xqge2Mp6vlBGPAav4lNAOxWBJmHVjhHE1MFnMuOHDw-0wQ-RFNoD7Kvi37', 'width': 4624}]",ChIJ-0IkTYF9by4RNDiWQRswR6w,5.0,"['tourist_attraction', 'point_of_interest', 'establishment']",2.0
"JH2V+W44, Puloerang, Lakbok, Ciamis Regency, West Java, Indonesia","{'location': {'lat': -7.397727699999999, 'lng': 108.5928291}, 'viewport': {'northeast': {'lat': -7.396817870107279, 'lng': 108.5942389798927}, 'southwest': {'lat': -7.399517529892723, 'lng': 108.5915393201073}}}",Saung Julang Ngapak Puncak Asih,"[{'height': 3000, 'html_attributions': ['<a href=""https://maps.google.com/maps/contrib/104777547881747780145"">Sigit lp</a>'], 'photo_reference': 'AUGGfZln5tySqeyvTWtkDQ10u45I15vSQp25MRE9wrmnpUgOZT5pStCjbkhU-0Mb0eOsUviG0EeeWQ0lLfQ0lgqR-YELqnv5f4gHZaqNI8k9EbXqpXJiyh1iBpiwun_itZT-kQhBtFL8uk6SKMBf1NWelWEKTTgn6wPXFk4yLLOnvntSKsdG', 'width': 4000}]",ChIJdeHGxi2JZS4RZUvLglcRVvA,5.0,"['tourist_attraction', 'point_of_interest', 'establishment']",2.0
"Dsn.cikondang No.05/05, Bunter, Kec. Sukadana, Kabupaten Ciamis, Jawa Barat, Indonesia","{'location': {'lat': -7.269119699999999, 'lng': 108.4829823}, 'viewport': {'northeast': {'lat': -7.267545370107277, 'lng': 108.4848828798927}, 'southwest': {'lat': -7.270245029892721, 'lng': 108.4821832201073}}}",Lebak cikaroya,,ChIJ62hei3tnby4RXO3O9EUd1BE,5.0,"['tourist_attraction', 'point_of_interest', 'establishment']",1.0
"MH69+HVJ Baitul Mu'minin, Jl. Mesjid, Mekarharja, Kec. Purwaharja, Kota Banjar, Jawa Barat, Indonesia","{'location': {'lat': -7.3385357, 'lng': 108.5696391}, 'viewport': {'northeast': {'lat': -7.337189970107278, 'lng': 108.5709889298927}, 'southwest': {'lat': -7.339889629892723, 'lng': 108.5682892701073}}}",Baim House,,ChIJ5wI4f5Bjby4RK17SEnUGdOQ,0.0,"['tourist_attraction', 'point_of_interest', 'establishment']",0.0
"PCFX+32M, Jl. Kuda Pawana, Sukadana, Kec. Sukadana, Kabupaten Ciamis, Jawa Barat 46272, Indonesia","{'location': {'lat': -7.277293299999999, 'lng': 108.44754}, 'viewport': {'northeast': {'lat': -7.275980870107278, 'lng': 108.4488754298927}, 'southwest': {'lat': -7.278680529892722, 'lng': 108.4461757701073}}}",POS GENCAR,"[{'height': 1080, 'html_attributions': ['<a href=""https://maps.google.com/maps/contrib/110255244233333899065"">A Google User</a>'], 'photo_reference': 'AUGGfZm4_Lwp6ho8p4aV14mnH7cjUgWYSk8Zi6TfSnt9n-7vdkQMmmL_FzIVsBfXq8p_7Dz-FHF1q9bynCwoBlCZ55ycA-f3NGCr0VA26NZxZ1ibATzervmkawUF6rl1VzwbRrYxQUCZd7yllW2X_mshckk-_E7EugyVDXt_9wuK95VPjppV', 'width': 1920}]",ChIJhf7Dn3xnby4RtYY4-V32zfI,5.0,"['tourist_attraction', 'point_of_interest', 'establishment']",2.0
"MF9R+QW3, Kepel, Cisaga, Ciamis Regency, West Java 46386, Indonesia","{'location': {'lat': -7.330618699999999, 'lng': 108.492302}, 'viewport': {'northeast': {'lat': -7.329372870107278, 'lng': 108.4934826298927}, 'southwest': {'lat': -7.332072529892722, 'lng': 108.4907829701073}}}",Curug Penganten Cirende,"[{'height': 2368, 'html_attributions': ['<a href=""https://maps.google.com/maps/contrib/116709615534593802846"">Nur Hayati</a>'], 'photo_reference': 'AUGGfZn1u2euUDUxunzpkCfa1n8wqcgjIC7NEGbpDJQwcJQ3nybWHAOxPuaAg6S3hfWjgSlxaCCgK3w4u4ws_lGRwgMrDBlJnGZMIRgLtRSvTSi7vlapmGaFna2LRcVG9a5d4uhw3Ug1yfwg_e3EnjQDwDxKWjygOAn_T9dDcWGHSfVwfgQ', 'width': 4208}]",ChIJM8yBjdhhby4RTEECwPs5f1A,4.6,"['tourist_attraction', 'point_of_interest', 'establishment']",10.0
"JCWF+HJR, Jl. Otista, Ciharalang, Kec. Cijeungjing, Kabupaten Ciamis, Jawa Barat 46271, Indonesia","{'location': {'lat': -7.3560042, 'lng': 108.4173104}, 'viewport': {'northeast': {'lat': -7.354625570107278, 'lng': 108.4186477298927}, 'southwest': {'lat': -7.357325229892722, 'lng': 108.4159480701073}}}",Gantangan burung OTISTA ciharalang (RJP,,ChIJgQoUHABfby4RrxJ_rZJTs2c,0.0,"['tourist_attraction', 'point_of_interest', 'establishment']",0.0
"JP42+6HV, Jl. Raya Meluwung, Meluwung, Tarisi, Kec. Wanareja, Kabupaten Cilacap, Jawa Tengah 53265, Indonesia","{'location': {'lat': -7.394558, 'lng': 108.701452}, 'viewport': {'northeast': {'lat': -7.393223570107278, 'lng': 108.7027700798927}, 'southwest': {'lat': -7.395923229892722, 'lng': 108.7000704201073}}}",Alpukat Ndeso,,ChIJyXxXfj-HZS4R-X1ubH9KVKY,5.0,"['tourist_attraction', 'point_of_interest', 'establishment']",1.0
"Dusun Karangsari, Madura, Wanareja, Cilacap Regency, Central Java 53265, Indonesia","{'location': {'lat': -7.339881099999999, 'lng': 108.6314992}, 'viewport': {'northeast': {'lat': -7.338460820107276, 'lng': 108.6335821}, 'southwest': {'lat': -7.34116047989272, 'lng': 108.6308049}}}",Kebun Wisata Melon,"[{'height': 3000, 'html_attributions': ['<a href=""https://maps.google.com/maps/contrib/104621808499379941051"">dody wibowo</a>'], 'photo_reference': 'AUGGfZkGsamcAsStjxuxvzpcHtx6AwMVTozBOf8b735j9xdmoGiAWBda7V09FZk-Ig0t8WJBuP2NJPP1hpGGMmONJ_Me5Ych-x8Bw2Y2ExcOW1G_-1W-CszQoSoNjn_-XUFWUEemrz3tSsJg-FmJxb88VCiELd13Kl-dxCDCiNog9JX4FFrg', 'width': 4000}]",ChIJG4-ubEd9by4RBU-QjqtbTo0,4.3,"['tourist_attraction', 'point_of_interest', 'establishment']",14.0
"4FWF+FRM, Jl.Cibeureum , Desa.Cibereum, Cibeureum, Kec. Cilimus, Kabupaten Kuningan, Jawa Barat 45556, Indonesia","{'location': {'lat': -6.8554637, 'lng': 108.4733626}, 'viewport': {'northeast': {'lat': -6.854029970107278, 'lng': 108.4746558298927}, 'southwest': {'lat': -6.856729629892722, 'lng': 108.4719561701073}}}",Buper Cibeureum,"[{'height': 3120, 'html_attributions': ['<a href=""https://maps.google.com/maps/contrib/109939729173804902785"">dadin nuryadin</a>'], 'photo_reference': 'AUGGfZmAoAcnOiLmk6igJgfBUFvJRq3CyuxCzb11mMJOI4jkMWTNBc01IYJ3W0xHBwy5lOzEi0hBh-D7snohBobmyT8djaEJCmg_MS5RiBKOvMCPiJYHXfx_71jeg-65UALv-6PCIAWgf9uZdkEFn88zVPxIvLXUDCl1G5BzSWVP4ysw_G23', 'width': 4160}]",ChIJ78ASF1UYby4RsBoRomwcrro,4.3,"['tourist_attraction', 'point_of_interest', 'establishment']",496.0
"HCQW+MJH, Karang, wangkal, Kec. Cidolog, Kabupaten Ciamis, Jawa Barat, Indonesia","{'location': {'lat': -7.410779399999999, 'lng': 108.4466309}, 'viewport': {'northeast': {'lat': -7.409500620107279, 'lng': 108.4479561798927}, 'southwest': {'lat': -7.412200279892723, 'lng': 108.4452565201073}}}",Karang wangkal city,,ChIJ5YIWZgCLZS4RFsqSQead5UQ,0.0,"['tourist_attraction', 'point_of_interest', 'establishment']",0.0
"JGHV+VRV, Hegarsari, Pataruman, Banjar City, West Java 46322, Indonesia","{'location': {'lat': -7.370258499999999, 'lng': 108.5445437}, 'viewport': {'northeast': {'lat': -7.368933870107276, 'lng': 108.5458502298927}, 'southwest': {'lat': -7.37163352989272, 'lng': 108.5431505701073}}}",Ecopark Kota Banjar,"[{'height': 1080, 'html_attributions': ['<a href=""https://maps.google.com/maps/contrib/108703164948738486784"">Aceng Kustiawan</a>'], 'photo_reference': 'AUGGfZlox7RFrvQCg-pOw7kY8JpKbeVJ4tehyCwd5-K3qMw7f3ug1Mf23chpzdKZjUz3rMODlvJSid3SVK3kcF_RpPi3UdHXJ-VWgLejJXQsGYeoIwitDkiKQvYAh0bVTX4edSUP9jnUMsare0fFZy3z-bN3Ts7YS453ggkkuoovsfVk8RsP', 'width': 1920}]",ChIJUaXNBzVjby4Ry465OvChT8c,4.5,"['park', 'point_of_interest', 'establishment']",147.0
"JFQC+63, Cibeureum, Banjar, Banjar City, West Java, Indonesia","{'location': {'lat': -7.3618793, 'lng': 108.4702277}, 'viewport': {'northeast': {'lat': -7.36070975, 'lng': 108.4721905798927}, 'southwest': {'lat': -7.365387950000001, 'lng': 108.4694909201073}}}",Leuwi Omas,"[{'height': 722, 'html_attributions': ['<a href=""https://maps.google.com/maps/contrib/117885251226668237832"">A Google User</a>'], 'photo_reference': 'AUGGfZmwjEnASDveRNbPT_05V2xaJlW5FHQ8l3ousts_kA2mKqUjLkYMc0UAufkDK_K4D9y64cdKVFEgPUGEfoVUWHLJ32Zf319-mFzQKZ-rPqofO3W_JLKXoMDJ1LSFAlRru9Uloz2rcG18iTOEkhtdWGt54k6Zdz__F3JzniRdmRwssYQY', 'width': 720}]",ChIJHfMlF2Zhby4R5pxDtdw95gM,5.0,"['tourist_attraction', 'point_of_interest', 'establishment']",3.0
"MH68+V4F, Pasirleutik, Mekarharja, Kec. Purwaharja, Kota Banjar, Jawa Barat 46333, Indonesia","{'location': {'lat': -7.337824400000001, 'lng': 108.5652943}, 'viewport': {'northeast': {'lat': -7.336433070107278, 'lng': 108.5666918298927}, 'southwest': {'lat': -7.339132729892722, 'lng': 108.5639921701073}}}",Sarah Sehan Pasirleutik,"[{'height': 1080, 'html_attributions': ['<a href=""https://maps.google.com/maps/contrib/106708305853012947574"">A Google User</a>'], 'photo_reference': 'AUGGfZnOlZcH7LQjQjxKr1Dxx4bOmGJ_gwUzKmEOkNPmRVpMqRLUNfyeP8nzOpEclo5V5hAofMjJGiHZZMa6n664puIYhuUMStXaeMTZtnbFoeLXBW-Onn-_V-5VZszdY45vUU0hN33XLdzMbx6leHgZF4s8gOvG1NoEpwmcoxC2IkrtYKDO', 'width': 1920}]",ChIJry1breNjby4RYG57pDkgdUM,4.1,"['tourist_attraction', 'point_of_interest', 'establishment']",8.0
"JGVW+52W, Purwaharja, Banjar City, West Java 46331, Indonesia","{'location': {'lat': -7.357012699999999, 'lng': 108.5450857}, 'viewport': {'northeast': {'lat': -7.355617020107278, 'lng': 108.5465942798927}, 'southwest': {'lat': -7.358316679892722, 'lng': 108.5438946201073}}}",Taman Purwajaya,"[{'height': 4608, 'html_attributions': ['<a href=""https://maps.google.com/maps/contrib/116413296831884445979"">Nindi Rizkyani</a>'], 'photo_reference': 'AUGGfZnw9WX-Z0KOOyEL0VGE_ZAZFYwkAuRZMXGGg5ziZop2i8x6boHE33qRhWxCWimCmKM8JoIvGazz6tKyBh8m-uMbQbPArrAnJ5hxuuHqGtwwIf8XbJod1eRu0uyqSL9-JOOa-W2S2BlQ4NMbg5DFVpvCcGk47XWYVAQdSl8e1F6hVkOA', 'width': 3456}]",ChIJF87GYThiby4RgMhKjqFQZpA,4.1,"['park', 'point_of_interest', 'establishment']",105.0
"JGQV+585, Karangpanimbal, Purwaharja, Banjar City, West Java 46332, Indonesia","{'location': {'lat': -7.3621194, 'lng': 108.5433595}, 'viewport': {'northeast': {'lat': -7.360741870107279, 'lng': 108.5447308798927}, 'southwest': {'lat': -7.363441529892723, 'lng': 108.5420312201073}}}",Situ Mustika Banjar Patroman,"[{'height': 4032, 'html_attributions': ['<a href=""https://maps.google.com/maps/contrib/112127709531454285238"">A Google User</a>'], 'photo_reference': 'AUGGfZmaot7g_bvPNKaM5ymlsDX8KZyDqlj106zePpPV9up81P2BENetiWRkbQXvGTunoCkPnJC8Q2PpKtPJCVR-juDqHnqLDiceiuYhL6rXbZfHCqhNXhIkYVXjJQ86eZLa0B3Yhgpu7BY_x25Qi6vSTW7dajYEN41s-TDZvjlyBJqq1eM', 'width': 3024}]",ChIJ3dMMO55jby4RT-tcB1e69gY,4.8,"['park', 'point_of_interest', 'establishment']",13.0
"HFQJ+H44, Dusun Citalem desa, RT.17/RW.05, Margajaya, Kec. Cidolog, Kabupaten Ciamis, Jawa Barat, Indonesia","{'location': {'lat': -7.411103, 'lng': 108.4803268}, 'viewport': {'northeast': {'lat': -7.409980120107278, 'lng': 108.4822970298927}, 'southwest': {'lat': -7.412679779892722, 'lng': 108.4795973701073}}}",Batu karut permai,"[{'height': 1080, 'html_attributions': ['<a href=""https://maps.google.com/maps/contrib/116551003771258485593"">Aa Hidayat</a>'], 'photo_reference': 'AUGGfZlTKYerhgMcJFkxl7ypRjyweef50e-me00daqxd_KCOmJTLj2MffSIK9yv5WYW3Vh2cDooI-FoCU_IyLWeDSxov0kP8pbv0DT6BzXrbwoW-zLTYj6e5qsptFQ4XUwDAEsWMUEpraS__4ghcHMO21pRUdUkGyisTHn4RdHE5StXiWo5u', 'width': 1920}]",ChIJBeluw3GLZS4RZZe-DeXgBtg,0.0,"['tourist_attraction', 'point_of_interest', 'establishment']",0.0
"HGFQ+VQW, Bangunsari, Pamarican, Ciamis Regency, West Java, Indonesia","{'location': {'lat': -7.425266700000001, 'lng': 108.5394684}, 'viewport': {'northeast': {'lat': -7.424023420107279, 'lng': 108.5410281298927}, 'southwest': {'lat': -7.426723079892723, 'lng': 108.5383284701073}}}",KEBON JABONKU,,ChIJF9B3rGWJZS4R4wQi2NbB5HY,0.0,"['tourist_attraction', 'point_of_interest', 'establishment']",0.0
"MF37+RFH, Kertabumi, Cijeungjing, Ciamis Regency, West Java 46271, Indonesia","{'location': {'lat': -7.345428999999999, 'lng': 108.4637401}, 'viewport': {'northeast': {'lat': -7.343325049999999, 'lng': 108.4649498298927}, 'southwest': {'lat': -7.351740849999999, 'lng': 108.4622501701073}}}",Situs Gunung Susuru,"[{'height': 3120, 'html_attributions': ['<a href=""https://maps.google.com/maps/contrib/105273206973827905849"">A Google User</a>'], 'photo_reference': 'AUGGfZk4mtPSrMIPXcYIKdpsYLLqjm8GOacTMXJKjAgA0VysqHVvBh3uvKUqKugDaw7t9DgIBJ_B20Dp1Xib-2m6X2mbrZoC_ef9p9uqRxuZrQPJFnjBg3rC1X-jxIiyAw6c-uYc1-r9oKLPZ8uZ8i4SgRO6RwaSpDoGOu7fnMpWyRqrk2k-', 'width': 4160}]",ChIJJ-ISBPpgby4RjjuLibna6ec,4.3,"['tourist_attraction', 'point_of_interest', 'establishment']",88.0
"Cijeungjing, Ciamis Regency, West Java 46271, Indonesia","{'location': {'lat': -7.338291899999999, 'lng': 108.4214986}, 'viewport': {'northeast': {'lat': -7.336855020107278, 'lng': 108.4227503798927}, 'southwest': {'lat': -7.339554679892721, 'lng': 108.4200507201073}}}",Green house dan Bioflok Desa Cijeungjing,"[{'height': 1840, 'html_attributions': ['<a href=""https://maps.google.com/maps/contrib/101180857174427757870"">A Google User</a>'], 'photo_reference': 'AUGGfZl2yWpzo05eU7mMa0EQAuFuRA8Fn7isG5ccgxTrs5w9IzroaPt7TDlW8gQpMvQpXvNlpriZYYhJcCzJg_7g5sscQVDOlz5zInQng7iSltf7VhB-Qm_zH5upmxs_lCswbztRd1k6HG3dr8IePmT5a7gpdSQggLoUAqb12t4xbSgV-P9o', 'width': 3264}]",ChIJMVLgM_hfby4RzRQnt1BlpmQ,5.0,"['tourist_attraction', 'point_of_interest', 'establishment']",1.0
"GFQ2+3GP, Kmp Sawangan, RT.34/RW.10, Margajaya, Kec. Pamarican, Kabupaten Ciamis, Jawa Barat 46365, Indonesia","{'location': {'lat': -7.462277299999999, 'lng': 108.4513145}, 'viewport': {'northeast': {'lat': -7.460865270107277, 'lng': 108.45367775}, 'southwest': {'lat': -7.463564929892721, 'lng': 108.45052675}}}",Budidaya Ikan Mekar Jaya,,ChIJBybKDvOLZS4RSO6DVGvrjdg,3.0,"['tourist_attraction', 'point_of_interest', 'establishment']",2.0
"HG6Q+28X, Jl.Sindangjaya, Neglasari, Pamarican, Ciamis Regency, West Java 46382, Indonesia","{'location': {'lat': -7.4398716, 'lng': 108.5383612}, 'viewport': {'northeast': {'lat': -7.438528120107277, 'lng': 108.5397055298927}, 'southwest': {'lat': -7.441227779892721, 'lng': 108.5370058701073}}}",Guha Lele,,ChIJXQCDspWJZS4RbzADII0CE3M,0.0,"['tourist_attraction', 'point_of_interest', 'establishment']",0.0
"JM3F+885, Cintajaya, Lakbok, Ciamis Regency, West Java 46385, Indonesia","{'location': {'lat': -7.396725599999999, 'lng': 108.6733494}, 'viewport': {'northeast': {'lat': -7.395381620107279, 'lng': 108.6746965298927}, 'southwest': {'lat': -7.398081279892723, 'lng': 108.6719968701073}}}",Tempat nongkrongnya orang Kabupaten,,ChIJ6bYUWQCHZS4RQYvSHYdh2WI,0.0,"['tourist_attraction', 'point_of_interest', 'establishment']",0.0
"GGJ6+X5Q, Pamarican, Ciamis Regency, West Java, Indonesia","{'location': {'lat': -7.4675424, 'lng': 108.510478}, 'viewport': {'northeast': {'lat': -7.466192570107278, 'lng': 108.5118278298927}, 'southwest': {'lat': -7.468892229892722, 'lng': 108.5091281701073}}}",Leuwi gentong,,ChIJgc80GQ6LZS4Ra6zy4Gl5N4Y,5.0,"['tourist_attraction', 'point_of_interest', 'establishment']",1.0
"HJ83+F9, Kutawaringin, Purwadadi, Ciamis Regency, West Java, Indonesia","{'location': {'lat': -7.433840399999999, 'lng': 108.6034222}, 'viewport': {'northeast': {'lat': -7.433132699999997, 'lng': 108.6046015798927}, 'southwest': {'lat': -7.4359635, 'lng': 108.6019019201073}}}",Spot mancing,"[{'height': 720, 'html_attributions': ['<a href=""https://maps.google.com/maps/contrib/113637846944422454029"">A Google User</a>'], 'photo_reference': 'AUGGfZn8QuwwwF3WAHJ9jBemE2R0053spN0c2Yse257HH0hE9-P8o5e3xFChEM1mqMfGFozF89N181JbRQyY2AnGLrYs036e8gIGQUHp4vsk39CRzmdZvGxhl-wvtVBAG2BaxxXJq5IgFbrap7kK3iEVUCT4jreUNEVWa-P4gT-_5RCxathk', 'width': 1280}]",ChIJWXaChiGJZS4RY6X-1SZfTv4,0.0,"['tourist_attraction', 'point_of_interest', 'establishment']",0.0
"PHG5+H95, Karangpaningal, Tambaksari, Ciamis Regency, West Java 46388, Indonesia","{'location': {'lat': -7.270905, 'lng': 108.5631298}, 'viewport': {'northeast': {'lat': -7.269500820107277, 'lng': 108.5644769298927}, 'southwest': {'lat': -7.272200479892721, 'lng': 108.5617772701073}}}",Kampung Adat Kuta,"[{'height': 2304, 'html_attributions': ['<a href=""https://maps.google.com/maps/contrib/108539847501261968629"">Larasti Fatona</a>'], 'photo_reference': 'AUGGfZm0AX1tIMfOxlsZy5c7vBX-ivTYpOTXdewWFFCJFaiKoNxssagrYBic2Xt2uzuADQ4nQbyTtZ7_O4BKgUQMa52bYBwlBXnhsQX2nDw2_4mEcDMQVekTAvXW1mxKpibwh5zoXWdjswtQMCOUnuOS7v72QxGLhAfTYnco4Mc104lq-_NO', 'width': 4096}]",ChIJM_w1N7Nlby4RRVDXVojhd_M,4.4,"['tourist_attraction', 'point_of_interest', 'establishment']",243.0
"Jalan Brigjen M. Isa 291 Cipadung RT.07 RW.03 Kelurahan Purwaharja Kecamatan Purwaharja, Mekarmukti, Kec. Cisaga, Kota Banjar, Jawa Barat 46386, Indonesia","{'location': {'lat': -7.3523789, 'lng': 108.5271242}, 'viewport': {'northeast': {'lat': -7.350989520107277, 'lng': 108.5285166798927}, 'southwest': {'lat': -7.353689179892721, 'lng': 108.5258170201073}}}",Rumah Makan Cobek Beti Lesehan Cipadung,"[{'height': 2322, 'html_attributions': ['<a href=""https://maps.google.com/maps/contrib/107546177142820855628"">Ikhwanussafa Sadidan</a>'], 'photo_reference': 'AUGGfZnUth9DpNmEgohvywyjkUrzBeO6hNUCyn0kJQd85GVoFwkvT-k1yb29IxNJZJfeKoXRJWjLifyzoJ9aLHZZEZPcQN9DtOWJXKjpXcI6bt8WAEV4UC7gloR4Pi9EXZDV2FTapvMcR54Cd_sLqz2w_8azO1Ri96u0kW007QcR5Ent0-aT', 'width': 4128}]",ChIJLwUwIiliby4RYdIlxavSnyw,4.3,"['tourist_attraction', 'restaurant', 'food', 'point_of_interest', 'establishment']",1790.0
"MGMM+95F, Wangunjaya, Cisaga, Ciamis Regency, West Java, Indonesia","{'location': {'lat': -7.3165719, 'lng': 108.5329126}, 'viewport': {'northeast': {'lat': -7.315316220107279, 'lng': 108.5344156798927}, 'southwest': {'lat': -7.318015879892723, 'lng': 108.5317160201073}}}",Situ golempang,"[{'height': 1040, 'html_attributions': ['<a href=""https://maps.google.com/maps/contrib/104886678485058161210"">Tya Castya</a>'], 'photo_reference': 'AUGGfZnd4nUa8prtyBPm4oqhgVUXhNm8ZsF1gr5DzhINfRuro3BC63tzkPE0dHMU_9eIaLYpCR622MHS85sepOUlfUR-C9nUQHtgWTJbsQIwV5A7LLt078G8yfHK8THTEURECeayTHld_CGt_I-7Dpejn1fHnRZsgFOGjK3NvkGKSSdfk0SF', 'width': 780}]",ChIJMypZzY9jby4RmT0_qWFz168,5.0,"['tourist_attraction', 'point_of_interest', 'establishment']",1.0
